# Chunk-averaged data for fix avDen and group all
# Timestep Number-of-chunks Total-count
# Chunk Coord1 Ncount density/number
100000 2286 8360352
  1 -57.1214 1.35564 0.0747205
  2 -57.0714 1.40859 0.0776389
  3 -57.0214 1.41958 0.0782446
  4 -56.9714 1.43357 0.0790154
  5 -56.9214 1.43057 0.0788503
  6 -56.8714 1.41059 0.077749
  7 -56.8214 1.44555 0.0796762
  8 -56.7714 1.39061 0.0766477
  9 -56.7214 1.42058 0.0782996
  10 -56.6714 1.38362 0.0762623
  11 -56.6214 1.42158 0.0783547
  12 -56.5714 1.36064 0.0749958
  13 -56.5214 1.35864 0.0748857
  14 -56.4714 1.36663 0.0753262
  15 -56.4214 1.34865 0.0743351
  16 -56.3714 1.42258 0.0784098
  17 -56.3214 1.41558 0.0780243
  18 -56.2714 1.42458 0.0785199
  19 -56.2214 1.35764 0.0748307
  20 -56.1714 1.39461 0.076868
  21 -56.1214 1.39261 0.0767579
  22 -56.0714 1.38062 0.0760971
  23 -56.0214 1.36464 0.0752161
  24 -55.9714 1.3956 0.0769231
  25 -55.9214 1.42757 0.0786851
  26 -55.8714 1.38462 0.0763174
  27 -55.8214 1.37363 0.0757117
  28 -55.7714 1.47453 0.081273
  29 -55.7214 1.38062 0.0760971
  30 -55.6714 1.45654 0.0802819
  31 -55.6214 1.33666 0.0736743
  32 -55.5714 1.38262 0.0762072
  33 -55.5214 1.41958 0.0782446
  34 -55.4714 1.35265 0.0745553
  35 -55.4214 1.42258 0.0784098
  36 -55.3714 1.43457 0.0790705
  37 -55.3214 1.36963 0.0754914
  38 -55.2714 1.38362 0.0762623
  39 -55.2214 1.41159 0.0778041
  40 -55.1714 1.40659 0.0775287
  41 -55.1214 1.42957 0.0787952
  42 -55.0714 1.38661 0.0764275
  43 -55.0214 1.37263 0.0756566
  44 -54.9714 1.34665 0.074225
  45 -54.9214 1.36464 0.0752161
  46 -54.8714 1.42258 0.0784098
  47 -54.8214 1.37762 0.0759319
  48 -54.7714 1.40659 0.0775287
  49 -54.7214 1.37862 0.075987
  50 -54.6714 1.37363 0.0757117
  51 -54.6214 1.41558 0.0780243
  52 -54.5714 1.4036 0.0773636
  53 -54.5214 1.43856 0.0792908
  54 -54.4714 1.43057 0.0788503
  55 -54.4214 1.35165 0.0745003
  56 -54.3714 1.3986 0.0770882
  57 -54.3214 1.38262 0.0762072
  58 -54.2714 1.37862 0.075987
  59 -54.2214 1.36264 0.075106
  60 -54.1714 1.33966 0.0738395
  61 -54.1214 1.39461 0.076868
  62 -54.0714 1.36064 0.0749958
  63 -54.0214 1.37463 0.0757667
  64 -53.9714 1.38062 0.0760971
  65 -53.9214 1.41459 0.0779692
  66 -53.8714 1.3996 0.0771433
  67 -53.8214 1.4016 0.0772534
  68 -53.7714 1.46653 0.0808325
  69 -53.7214 1.47752 0.0814382
  70 -53.6714 1.48551 0.0818787
  71 -53.6214 1.43357 0.0790154
  72 -53.5714 1.44256 0.079511
  73 -53.5214 1.5035 0.0828699
  74 -53.4714 1.46454 0.0807224
  75 -53.4214 1.46653 0.0808325
  76 -53.3714 1.43157 0.0789053
  77 -53.3214 1.41259 0.0778591
  78 -53.2714 1.43157 0.0789053
  79 -53.2214 1.4026 0.0773085
  80 -53.1714 1.46653 0.0808325
  81 -53.1214 1.32667 0.0731237
  82 -53.0714 1.4006 0.0771984
  83 -53.0214 1.42158 0.0783547
  84 -52.9714 1.34865 0.0743351
  85 -52.9214 1.47852 0.0814933
  86 -52.8714 1.33167 0.073399
  87 -52.8214 1.40959 0.0776939
  88 -52.7714 1.35964 0.0749408
  89 -52.7214 1.43556 0.0791256
  90 -52.6714 1.43257 0.0789604
  91 -52.6214 1.42058 0.0782996
  92 -52.5714 1.39161 0.0767028
  93 -52.5214 1.41159 0.0778041
  94 -52.4714 1.38661 0.0764275
  95 -52.4214 1.4016 0.0772534
  96 -52.3714 1.41159 0.0778041
  97 -52.3214 1.36863 0.0754363
  98 -52.2714 1.44855 0.0798414
  99 -52.2214 1.36963 0.0754914
  100 -52.1714 1.44156 0.079456
  101 -52.1214 1.48452 0.0818237
  102 -52.0714 1.35964 0.0749408
  103 -52.0214 1.34066 0.0738946
  104 -51.9714 1.35664 0.0747756
  105 -51.9214 1.41159 0.0778041
  106 -51.8714 1.43556 0.0791256
  107 -51.8214 1.48152 0.0816585
  108 -51.7714 1.44056 0.0794009
  109 -51.7214 1.38362 0.0762623
  110 -51.6714 1.45754 0.080337
  111 -51.6214 1.41359 0.0779142
  112 -51.5714 1.46354 0.0806673
  113 -51.5214 1.38661 0.0764275
  114 -51.4714 1.37562 0.0758218
  115 -51.4214 1.36364 0.075161
  116 -51.3714 1.46753 0.0808876
  117 -51.3214 1.44156 0.079456
  118 -51.2714 1.41459 0.0779692
  119 -51.2214 1.48851 0.0820439
  120 -51.1714 1.42358 0.0784648
  121 -51.1214 1.42957 0.0787952
  122 -51.0714 1.45554 0.0802268
  123 -51.0214 1.43856 0.0792908
  124 -50.9714 1.42158 0.0783547
  125 -50.9214 1.37962 0.076042
  126 -50.8714 1.49051 0.082154
  127 -50.8214 1.47752 0.0814382
  128 -50.7714 1.47053 0.0810528
  129 -50.7214 1.4995 0.0826496
  130 -50.6714 1.41658 0.0780794
  131 -50.6214 1.45355 0.0801167
  132 -50.5714 1.52048 0.0838059
  133 -50.5214 1.43556 0.0791256
  134 -50.4714 1.45055 0.0799515
  135 -50.4214 1.41558 0.0780243
  136 -50.3714 1.46553 0.0807775
  137 -50.3214 1.54246 0.0850173
  138 -50.2714 1.42957 0.0787952
  139 -50.2214 1.55345 0.085623
  140 -50.1714 1.41658 0.0780794
  141 -50.1214 1.47852 0.0814933
  142 -50.0714 1.42058 0.0782996
  143 -50.0214 1.44755 0.0797863
  144 -49.9714 1.46154 0.0805572
  145 -49.9214 1.42058 0.0782996
  146 -49.8714 1.37862 0.075987
  147 -49.8214 1.44655 0.0797313
  148 -49.7714 1.35864 0.0748857
  149 -49.7214 1.45255 0.0800616
  150 -49.6714 1.43956 0.0793458
  151 -49.6214 1.47952 0.0815483
  152 -49.5714 1.43556 0.0791256
  153 -49.5214 1.51848 0.0836958
  154 -49.4714 1.57742 0.0869445
  155 -49.4214 1.46853 0.0809427
  156 -49.3714 1.43656 0.0791806
  157 -49.3214 1.47453 0.081273
  158 -49.2714 1.52248 0.0839161
  159 -49.2214 1.44655 0.0797313
  160 -49.1714 1.40859 0.0776389
  161 -49.1214 1.44356 0.0795661
  162 -49.0714 1.5025 0.0828148
  163 -49.0214 1.43956 0.0793458
  164 -48.9714 1.43756 0.0792357
  165 -48.9214 1.5025 0.0828148
  166 -48.8714 1.44356 0.0795661
  167 -48.8214 1.48851 0.0820439
  168 -48.7714 1.47752 0.0814382
  169 -48.7214 1.46454 0.0807224
  170 -48.6714 1.35365 0.0746104
  171 -48.6214 1.51049 0.0832553
  172 -48.5714 1.41159 0.0778041
  173 -48.5214 1.55445 0.0856781
  174 -48.4714 1.48052 0.0816034
  175 -48.4214 1.45754 0.080337
  176 -48.3714 1.49451 0.0823743
  177 -48.3214 1.41858 0.0781895
  178 -48.2714 1.55944 0.0859534
  179 -48.2214 1.48152 0.0816585
  180 -48.1714 1.53546 0.0846319
  181 -48.1214 1.46354 0.0806673
  182 -48.0714 1.47353 0.081218
  183 -48.0214 1.55045 0.0854578
  184 -47.9714 1.5045 0.0829249
  185 -47.9214 1.57842 0.0869996
  186 -47.8714 1.51848 0.0836958
  187 -47.8214 1.42957 0.0787952
  188 -47.7714 1.51848 0.0836958
  189 -47.7214 1.55145 0.0855129
  190 -47.6714 1.51848 0.0836958
  191 -47.6214 1.52348 0.0839711
  192 -47.5714 1.51449 0.0834756
  193 -47.5214 1.54146 0.0849623
  194 -47.4714 1.56344 0.0861736
  195 -47.4214 1.58142 0.0871648
  196 -47.3714 1.62837 0.0897527
  197 -47.3214 1.54246 0.0850173
  198 -47.2714 1.53946 0.0848521
  199 -47.2214 1.58142 0.0871648
  200 -47.1714 1.51349 0.0834205
  201 -47.1214 1.51249 0.0833654
  202 -47.0714 1.54446 0.0851274
  203 -47.0214 1.5954 0.0879357
  204 -46.9714 1.51049 0.0832553
  205 -46.9214 1.46254 0.0806123
  206 -46.8714 1.53047 0.0843566
  207 -46.8214 1.53247 0.0844667
  208 -46.7714 1.44555 0.0796762
  209 -46.7214 1.49451 0.0823743
  210 -46.6714 1.51948 0.0837509
  211 -46.6214 1.57143 0.0866141
  212 -46.5714 1.52847 0.0842464
  213 -46.5214 1.57243 0.0866692
  214 -46.4714 1.51848 0.0836958
  215 -46.4214 1.56244 0.0861186
  216 -46.3714 1.4965 0.0824844
  217 -46.3214 1.51948 0.0837509
  218 -46.2714 1.50549 0.08298
  219 -46.2214 1.57043 0.0865591
  220 -46.1714 1.5035 0.0828699
  221 -46.1214 1.56543 0.0862838
  222 -46.0714 1.5045 0.0829249
  223 -46.0214 1.51748 0.0836407
  224 -45.9714 1.5984 0.0881008
  225 -45.9214 1.46853 0.0809427
  226 -45.8714 1.51548 0.0835306
  227 -45.8214 1.5015 0.0827597
  228 -45.7714 1.56344 0.0861736
  229 -45.7214 1.52048 0.0838059
  230 -45.6714 1.4975 0.0825395
  231 -45.6214 1.47652 0.0813832
  232 -45.5714 1.56743 0.0863939
  233 -45.5214 1.48551 0.0818787
  234 -45.4714 1.57143 0.0866141
  235 -45.4214 1.50649 0.083035
  236 -45.3714 1.52547 0.0840812
  237 -45.3214 1.51848 0.0836958
  238 -45.2714 1.53047 0.0843566
  239 -45.2214 1.4965 0.0824844
  240 -45.1714 1.55644 0.0857882
  241 -45.1214 1.56444 0.0862287
  242 -45.0714 1.58641 0.0874401
  243 -45.0214 1.52647 0.0841363
  244 -44.9714 1.56444 0.0862287
  245 -44.9214 1.49151 0.0822091
  246 -44.8714 1.54146 0.0849623
  247 -44.8214 1.4985 0.0825945
  248 -44.7714 1.46054 0.0805021
  249 -44.7214 1.6004 0.088211
  250 -44.6714 1.49251 0.0822642
  251 -44.6214 1.51948 0.0837509
  252 -44.5714 1.5005 0.0827047
  253 -44.5214 1.51948 0.0837509
  254 -44.4714 1.55644 0.0857882
  255 -44.4214 1.54845 0.0853477
  256 -44.3714 1.56943 0.086504
  257 -44.3214 1.60739 0.0885964
  258 -44.2714 1.56643 0.0863388
  259 -44.2214 1.57443 0.0867793
  260 -44.1714 1.56244 0.0861186
  261 -44.1214 1.58442 0.08733
  262 -44.0714 1.51349 0.0834205
  263 -44.0214 1.63536 0.0901382
  264 -43.9714 1.62338 0.0894774
  265 -43.9214 1.58442 0.08733
  266 -43.8714 1.59441 0.0878806
  267 -43.8214 1.53447 0.0845768
  268 -43.7714 1.64635 0.0907439
  269 -43.7214 1.61139 0.0888167
  270 -43.6714 1.58442 0.08733
  271 -43.6214 1.61239 0.0888717
  272 -43.5714 1.55445 0.0856781
  273 -43.5214 1.6044 0.0884312
  274 -43.4714 1.61239 0.0888717
  275 -43.4214 1.53946 0.0848521
  276 -43.3714 1.51748 0.0836407
  277 -43.3214 1.57642 0.0868895
  278 -43.2714 1.48851 0.0820439
  279 -43.2214 1.4955 0.0824294
  280 -43.1714 1.58741 0.0874952
  281 -43.1214 1.60939 0.0887065
  282 -43.0714 1.60539 0.0884863
  283 -43.0214 1.62737 0.0896977
  284 -42.9714 1.58541 0.087385
  285 -42.9214 1.70829 0.0941578
  286 -42.8714 1.66234 0.0916249
  287 -42.8214 1.66034 0.0915148
  288 -42.7714 1.66533 0.0917901
  289 -42.7214 1.58442 0.08733
  290 -42.6714 1.68432 0.0928363
  291 -42.6214 1.64935 0.0909091
  292 -42.5714 1.56843 0.086449
  293 -42.5214 1.6004 0.088211
  294 -42.4714 1.55644 0.0857882
  295 -42.4214 1.64336 0.0905787
  296 -42.3714 1.61039 0.0887616
  297 -42.3214 1.64336 0.0905787
  298 -42.2714 1.5964 0.0879907
  299 -42.2214 1.61738 0.089147
  300 -42.1714 1.67233 0.0921755
  301 -42.1214 1.6983 0.0936071
  302 -42.0714 1.63137 0.0899179
  303 -42.0214 1.58342 0.0872749
  304 -41.9714 1.72128 0.0948736
  305 -41.9214 1.69131 0.0932217
  306 -41.8714 1.56643 0.0863388
  307 -41.8214 1.63437 0.0900831
  308 -41.7714 1.57542 0.0868344
  309 -41.7214 1.67433 0.0922856
  310 -41.6714 1.56643 0.0863388
  311 -41.6214 1.60939 0.0887065
  312 -41.5714 1.67932 0.092561
  313 -41.5214 1.64036 0.0904135
  314 -41.4714 1.64136 0.0904686
  315 -41.4214 1.65235 0.0910743
  316 -41.3714 1.55445 0.0856781
  317 -41.3214 1.68531 0.0928913
  318 -41.2714 1.67333 0.0922306
  319 -41.2214 1.62937 0.0898078
  320 -41.1714 1.62138 0.0893673
  321 -41.1214 1.67832 0.0925059
  322 -41.0714 1.59041 0.0876603
  323 -41.0214 1.64436 0.0906337
  324 -40.9714 1.63736 0.0902483
  325 -40.9214 1.66833 0.0919553
  326 -40.8714 1.72527 0.0950939
  327 -40.8214 1.68631 0.0929464
  328 -40.7714 1.58142 0.0871648
  329 -40.7214 1.63636 0.0901932
  330 -40.6714 1.62438 0.0895325
  331 -40.6214 1.65035 0.0909641
  332 -40.5714 1.67732 0.0924508
  333 -40.5214 1.5974 0.0880458
  334 -40.4714 1.69431 0.0933869
  335 -40.4214 1.63636 0.0901932
  336 -40.3714 1.63836 0.0903034
  337 -40.3214 1.55345 0.085623
  338 -40.2714 1.61239 0.0888717
  339 -40.2214 1.64336 0.0905787
  340 -40.1714 1.65734 0.0913496
  341 -40.1214 1.62637 0.0896426
  342 -40.0714 1.66933 0.0920103
  343 -40.0214 1.63936 0.0903584
  344 -39.9714 1.68631 0.0929464
  345 -39.9214 1.61838 0.0892021
  346 -39.8714 1.68232 0.0927261
  347 -39.8214 1.71229 0.094378
  348 -39.7714 1.7033 0.0938825
  349 -39.7214 1.64835 0.090854
  350 -39.6714 1.66933 0.0920103
  351 -39.6214 1.78022 0.0981223
  352 -39.5714 1.62238 0.0894224
  353 -39.5214 1.74426 0.09614
  354 -39.4714 1.77522 0.097847
  355 -39.4214 1.73227 0.0954793
  356 -39.3714 1.80619 0.099554
  357 -39.3214 1.80819 0.0996641
  358 -39.2714 1.71029 0.0942679
  359 -39.2214 1.72228 0.0949287
  360 -39.1714 1.67133 0.0921204
  361 -39.1214 1.72627 0.0951489
  362 -39.0714 1.72527 0.0950939
  363 -39.0214 1.75924 0.096966
  364 -38.9714 1.73526 0.0956445
  365 -38.9214 1.72627 0.0951489
  366 -38.8714 1.75125 0.0965255
  367 -38.8214 1.63137 0.0899179
  368 -38.7714 1.71329 0.0944331
  369 -38.7214 1.74226 0.0960299
  370 -38.6714 1.73327 0.0955344
  371 -38.6214 1.6983 0.0936071
  372 -38.5714 1.67333 0.0922306
  373 -38.5214 1.75824 0.0969109
  374 -38.4714 1.72428 0.0950388
  375 -38.4214 1.75624 0.0968008
  376 -38.3714 1.71528 0.0945432
  377 -38.3214 1.67333 0.0922306
  378 -38.2714 1.68831 0.0930565
  379 -38.2214 1.59141 0.0877154
  380 -38.1714 1.77323 0.0977369
  381 -38.1214 1.80619 0.099554
  382 -38.0714 1.81019 0.0997742
  383 -38.0214 1.78621 0.0984527
  384 -37.9714 1.76124 0.0970761
  385 -37.9214 1.78022 0.0981223
  386 -37.8714 1.78322 0.0982875
  387 -37.8214 1.78022 0.0981223
  388 -37.7714 1.70529 0.0939926
  389 -37.7214 1.78422 0.0983426
  390 -37.6714 1.77323 0.0977369
  391 -37.6214 1.85115 0.102032
  392 -37.5714 1.73127 0.0954242
  393 -37.5214 1.75025 0.0964704
  394 -37.4714 1.83516 0.101151
  395 -37.4214 1.72927 0.0953141
  396 -37.3714 1.70529 0.0939926
  397 -37.3214 1.7033 0.0938825
  398 -37.2714 1.7003 0.0937173
  399 -37.2214 1.76124 0.0970761
  400 -37.1714 1.74126 0.0959749
  401 -37.1214 1.64436 0.0906337
  402 -37.0714 1.75325 0.0966356
  403 -37.0214 1.7972 0.0990584
  404 -36.9714 1.81419 0.0999945
  405 -36.9214 1.7043 0.0939375
  406 -36.8714 1.82218 0.100435
  407 -36.8214 1.81419 0.0999945
  408 -36.7714 1.76424 0.0972413
  409 -36.7214 1.86314 0.102693
  410 -36.6714 1.78721 0.0985078
  411 -36.6214 1.77123 0.0976268
  412 -36.5714 1.80619 0.099554
  413 -36.5214 1.85714 0.102362
  414 -36.4714 1.75924 0.096966
  415 -36.4214 1.84715 0.101812
  416 -36.3714 1.8032 0.0993888
  417 -36.3214 1.80819 0.0996641
  418 -36.2714 1.85215 0.102087
  419 -36.2214 1.87512 0.103353
  420 -36.1714 1.86114 0.102582
  421 -36.1214 1.85115 0.102032
  422 -36.0714 1.87013 0.103078
  423 -36.0214 1.81618 0.100105
  424 -35.9714 1.91309 0.105446
  425 -35.9214 1.86813 0.102968
  426 -35.8714 1.81918 0.10027
  427 -35.8214 1.85415 0.102197
  428 -35.7714 1.87512 0.103353
  429 -35.7214 1.82018 0.100325
  430 -35.6714 1.84016 0.101426
  431 -35.6214 1.77423 0.0977919
  432 -35.5714 1.86513 0.102803
  433 -35.5214 1.81119 0.0998293
  434 -35.4714 1.85015 0.101977
  435 -35.4214 1.8012 0.0992786
  436 -35.3714 1.79321 0.0988381
  437 -35.3214 1.84715 0.101812
  438 -35.2714 1.77123 0.0976268
  439 -35.2214 1.83017 0.100875
  440 -35.1714 1.85015 0.101977
  441 -35.1214 1.82717 0.10071
  442 -35.0714 1.80619 0.099554
  443 -35.0214 1.85714 0.102362
  444 -34.9714 1.85514 0.102252
  445 -34.9214 1.87313 0.103243
  446 -34.8714 1.7972 0.0990584
  447 -34.8214 1.89011 0.104179
  448 -34.7714 1.82817 0.100765
  449 -34.7214 1.84116 0.101481
  450 -34.6714 1.82218 0.100435
  451 -34.6214 1.84715 0.101812
  452 -34.5714 1.90809 0.10517
  453 -34.5214 1.86813 0.102968
  454 -34.4714 1.86414 0.102748
  455 -34.4214 1.89311 0.104344
  456 -34.3714 1.91409 0.105501
  457 -34.3214 1.85115 0.102032
  458 -34.2714 1.83417 0.101096
  459 -34.2214 1.95704 0.107868
  460 -34.1714 1.94006 0.106932
  461 -34.1214 1.92707 0.106217
  462 -34.0714 1.93506 0.106657
  463 -34.0214 1.98002 0.109135
  464 -33.9714 1.95305 0.107648
  465 -33.9214 1.97702 0.10897
  466 -33.8714 1.93706 0.106767
  467 -33.8214 1.90709 0.105115
  468 -33.7714 1.99301 0.109851
  469 -33.7214 1.996 0.110016
  470 -33.6714 1.98202 0.109245
  471 -33.6214 1.94306 0.107098
  472 -33.5714 2.02897 0.111833
  473 -33.5214 1.92607 0.106162
  474 -33.4714 1.90509 0.105005
  475 -33.4214 1.88412 0.103849
  476 -33.3714 1.91908 0.105776
  477 -33.3214 1.90809 0.10517
  478 -33.2714 1.88911 0.104124
  479 -33.2214 1.94505 0.107208
  480 -33.1714 1.97702 0.10897
  481 -33.1214 1.91109 0.105336
  482 -33.0714 1.92408 0.106051
  483 -33.0214 1.85115 0.102032
  484 -32.9714 1.99401 0.109906
  485 -32.9214 1.92607 0.106162
  486 -32.8714 1.999 0.110181
  487 -32.8214 2.03297 0.112053
  488 -32.7714 2.01798 0.111227
  489 -32.7214 1.95205 0.107593
  490 -32.6714 1.96903 0.108529
  491 -32.6214 1.93806 0.106822
  492 -32.5714 1.997 0.110071
  493 -32.5214 2.01299 0.110952
  494 -32.4714 1.996 0.110016
  495 -32.4214 1.998 0.110126
  496 -32.3714 2.03696 0.112274
  497 -32.3214 2.01199 0.110897
  498 -32.2714 2.005 0.110511
  499 -32.2214 1.97702 0.10897
  500 -32.1714 2.004 0.110456
  501 -32.1214 1.96803 0.108474
  502 -32.0714 1.95904 0.107979
  503 -32.0214 1.95105 0.107538
  504 -31.9714 1.92607 0.106162
  505 -31.9214 2.02797 0.111778
  506 -31.8714 2.04695 0.112824
  507 -31.8214 1.96703 0.108419
  508 -31.7714 2.00999 0.110787
  509 -31.7214 2.03397 0.112108
  510 -31.6714 2 0.110236
  511 -31.6214 2.03896 0.112384
  512 -31.5714 2.11389 0.116513
  513 -31.5214 1.94905 0.107428
  514 -31.4714 2.00899 0.110732
  515 -31.4214 2.02797 0.111778
  516 -31.3714 2.04595 0.112769
  517 -31.3214 2.03896 0.112384
  518 -31.2714 1.99001 0.109686
  519 -31.2214 1.99201 0.109796
  520 -31.1714 2.05395 0.11321
  521 -31.1214 1.98901 0.10963
  522 -31.0714 2.02498 0.111613
  523 -31.0214 2.08591 0.114972
  524 -30.9714 1.96204 0.108144
  525 -30.9214 2.05495 0.113265
  526 -30.8714 2.03796 0.112329
  527 -30.8214 1.96004 0.108034
  528 -30.7714 2.16384 0.119267
  529 -30.7214 1.96503 0.108309
  530 -30.6714 2.09291 0.115357
  531 -30.6214 2.11289 0.116458
  532 -30.5714 2.12288 0.117009
  533 -30.5214 2.08591 0.114972
  534 -30.4714 2.14585 0.118275
  535 -30.4214 2.04595 0.112769
  536 -30.3714 2.1049 0.116018
  537 -30.3214 2.08691 0.115027
  538 -30.2714 2.08691 0.115027
  539 -30.2214 2.12587 0.117174
  540 -30.1714 2.03896 0.112384
  541 -30.1214 2.15784 0.118936
  542 -30.0714 2.11788 0.116734
  543 -30.0214 2.0999 0.115742
  544 -29.9714 2.19481 0.120973
  545 -29.9214 2.06693 0.113925
  546 -29.8714 2.12188 0.116954
  547 -29.8214 2.14785 0.118386
  548 -29.7714 2.23576 0.123231
  549 -29.7214 2.18182 0.120258
  550 -29.6714 2.14985 0.118496
  551 -29.6214 2.1988 0.121194
  552 -29.5714 2.19081 0.120753
  553 -29.5214 2.11588 0.116623
  554 -29.4714 2.16683 0.119432
  555 -29.4214 2.04595 0.112769
  556 -29.3714 2.15884 0.118991
  557 -29.3214 2.0959 0.115522
  558 -29.2714 2.14186 0.118055
  559 -29.2214 2.14985 0.118496
  560 -29.1714 2.14286 0.11811
  561 -29.1214 2.15784 0.118936
  562 -29.0714 2.03397 0.112108
  563 -29.0214 2.14486 0.11822
  564 -28.9714 2.25874 0.124498
  565 -28.9214 2.16484 0.119322
  566 -28.8714 2.16384 0.119267
  567 -28.8214 2.12288 0.117009
  568 -28.7714 2.24575 0.123782
  569 -28.7214 2.16883 0.119542
  570 -28.6714 2.33566 0.128737
  571 -28.6214 2.21978 0.12235
  572 -28.5714 2.20879 0.121744
  573 -28.5214 2.18282 0.120313
  574 -28.4714 2.23177 0.123011
  575 -28.4214 2.3047 0.12703
  576 -28.3714 2.26973 0.125103
  577 -28.3214 2.24675 0.123837
  578 -28.2714 2.17882 0.120092
  579 -28.2214 2.26973 0.125103
  580 -28.1714 2.16983 0.119597
  581 -28.1214 2.2018 0.121359
  582 -28.0714 2.16284 0.119211
  583 -28.0214 2.26274 0.124718
  584 -27.9714 2.23377 0.123121
  585 -27.9214 2.27572 0.125434
  586 -27.8714 2.2008 0.121304
  587 -27.8214 2.26673 0.124938
  588 -27.7714 2.25475 0.124277
  589 -27.7214 2.35465 0.129784
  590 -27.6714 2.33267 0.128572
  591 -27.6214 2.37463 0.130885
  592 -27.5714 2.30669 0.127141
  593 -27.5214 2.29071 0.12626
  594 -27.4714 2.27872 0.125599
  595 -27.4214 2.32667 0.128242
  596 -27.3714 2.38661 0.131546
  597 -27.3214 2.21778 0.12224
  598 -27.2714 2.24975 0.124002
  599 -27.2214 2.28671 0.126039
  600 -27.1714 2.16484 0.119322
  601 -27.1214 2.24476 0.123727
  602 -27.0714 2.17682 0.119982
  603 -27.0214 2.37163 0.13072
  604 -26.9714 2.27772 0.125544
  605 -26.9214 2.18482 0.120423
  606 -26.8714 2.22378 0.12257
  607 -26.8214 2.24076 0.123506
  608 -26.7714 2.35764 0.129949
  609 -26.7214 2.35465 0.129784
  610 -26.6714 2.32767 0.128297
  611 -26.6214 2.25774 0.124442
  612 -26.5714 2.28272 0.125819
  613 -26.5214 2.33367 0.128627
  614 -26.4714 2.34166 0.129068
  615 -26.4214 2.34965 0.129508
  616 -26.3714 2.34066 0.129013
  617 -26.3214 2.34466 0.129233
  618 -26.2714 2.36464 0.130334
  619 -26.2214 2.3007 0.12681
  620 -26.1714 2.3037 0.126975
  621 -26.1214 2.2997 0.126755
  622 -26.0714 2.31369 0.127526
  623 -26.0214 2.31069 0.127361
  624 -25.9714 2.34366 0.129178
  625 -25.9214 2.38262 0.131325
  626 -25.8714 2.23477 0.123176
  627 -25.8214 2.28472 0.125929
  628 -25.7714 2.36164 0.130169
  629 -25.7214 2.28571 0.125984
  630 -25.6714 2.33766 0.128847
  631 -25.6214 2.41558 0.133142
  632 -25.5714 2.45355 0.135235
  633 -25.5214 2.23377 0.123121
  634 -25.4714 2.41259 0.132977
  635 -25.4214 2.2987 0.1267
  636 -25.3714 2.33666 0.128792
  637 -25.3214 2.40859 0.132757
  638 -25.2714 2.3986 0.132206
  639 -25.2214 2.36863 0.130554
  640 -25.1714 2.43756 0.134354
  641 -25.1214 2.45255 0.13518
  642 -25.0714 2.4026 0.132427
  643 -25.0214 2.39461 0.131986
  644 -24.9714 2.40859 0.132757
  645 -24.9214 2.36763 0.130499
  646 -24.8714 2.4036 0.132482
  647 -24.8214 2.48352 0.136887
  648 -24.7714 2.39261 0.131876
  649 -24.7214 2.43956 0.134464
  650 -24.6714 2.50849 0.138263
  651 -24.6214 2.37662 0.130995
  652 -24.5714 2.44755 0.134904
  653 -24.5214 2.45255 0.13518
  654 -24.4714 2.44056 0.134519
  655 -24.4214 2.51848 0.138814
  656 -24.3714 2.33666 0.128792
  657 -24.3214 2.4046 0.132537
  658 -24.2714 2.45654 0.1354
  659 -24.2214 2.34266 0.129123
  660 -24.1714 2.45455 0.13529
  661 -24.1214 2.61139 0.143935
  662 -24.0714 2.44056 0.134519
  663 -24.0214 2.48152 0.136777
  664 -23.9714 2.5005 0.137823
  665 -23.9214 2.47752 0.136556
  666 -23.8714 2.57542 0.141952
  667 -23.8214 2.5005 0.137823
  668 -23.7714 2.45954 0.135565
  669 -23.7214 2.44156 0.134574
  670 -23.6714 2.52448 0.139144
  671 -23.6214 2.65834 0.146523
  672 -23.5714 2.48052 0.136722
  673 -23.5214 2.42258 0.133528
  674 -23.4714 2.62837 0.144871
  675 -23.4214 2.54046 0.140025
  676 -23.3714 2.55045 0.140576
  677 -23.3214 2.52847 0.139365
  678 -23.2714 2.47552 0.136446
  679 -23.2214 2.49151 0.137327
  680 -23.1714 2.5994 0.143274
  681 -23.1214 2.40759 0.132702
  682 -23.0714 2.46553 0.135896
  683 -23.0214 2.44456 0.134739
  684 -22.9714 2.50549 0.138098
  685 -22.9214 2.48252 0.136832
  686 -22.8714 2.57143 0.141732
  687 -22.8214 2.47153 0.136226
  688 -22.7714 2.44755 0.134904
  689 -22.7214 2.58442 0.142448
  690 -22.6714 2.64735 0.145917
  691 -22.6214 2.57542 0.141952
  692 -22.5714 2.55045 0.140576
  693 -22.5214 2.6004 0.143329
  694 -22.4714 2.64036 0.145532
  695 -22.4214 2.60839 0.14377
  696 -22.3714 2.55544 0.140851
  697 -22.3214 2.68032 0.147734
  698 -22.2714 2.5974 0.143164
  699 -22.2214 2.64635 0.145862
  700 -22.1714 2.64336 0.145697
  701 -22.1214 2.63237 0.145091
  702 -22.0714 2.60939 0.143825
  703 -22.0214 2.66533 0.146908
  704 -21.9714 2.6004 0.143329
  705 -21.9214 2.56244 0.141237
  706 -21.8714 2.56344 0.141292
  707 -21.8214 2.7013 0.14889
  708 -21.7714 2.58941 0.142723
  709 -21.7214 2.61439 0.1441
  710 -21.6714 2.57842 0.142118
  711 -21.6214 2.72228 0.150047
  712 -21.5714 2.61738 0.144265
  713 -21.5214 2.76923 0.152635
  714 -21.4714 2.77522 0.152965
  715 -21.4214 2.67632 0.147514
  716 -21.3714 2.74226 0.151148
  717 -21.3214 2.76224 0.152249
  718 -21.2714 2.65335 0.146247
  719 -21.2214 2.71528 0.149661
  720 -21.1714 2.67433 0.147404
  721 -21.1214 2.7023 0.148945
  722 -21.0714 2.78921 0.153736
  723 -21.0214 2.62537 0.144706
  724 -20.9714 2.73027 0.150487
  725 -20.9214 2.76623 0.15247
  726 -20.8714 2.83317 0.156159
  727 -20.8214 2.84316 0.156709
  728 -20.7714 2.7952 0.154066
  729 -20.7214 2.66334 0.146798
  730 -20.6714 2.8012 0.154397
  731 -20.6214 2.7043 0.149056
  732 -20.5714 2.82717 0.155828
  733 -20.5214 2.8971 0.159683
  734 -20.4714 2.78721 0.153626
  735 -20.4214 2.83017 0.155994
  736 -20.3714 2.82717 0.155828
  737 -20.3214 2.8981 0.159738
  738 -20.2714 2.87512 0.158471
  739 -20.2214 2.81918 0.155388
  740 -20.1714 2.82118 0.155498
  741 -20.1214 2.83616 0.156324
  742 -20.0714 2.85115 0.15715
  743 -20.0214 2.83816 0.156434
  744 -19.9714 2.84216 0.156654
  745 -19.9214 2.82617 0.155773
  746 -19.8714 2.92208 0.161059
  747 -19.8214 2.83716 0.156379
  748 -19.7714 2.86114 0.157701
  749 -19.7214 2.82118 0.155498
  750 -19.6714 2.87712 0.158582
  751 -19.6214 2.98102 0.164308
  752 -19.5714 3.04795 0.167997
  753 -19.5214 2.95205 0.162711
  754 -19.4714 3.04296 0.167722
  755 -19.4214 3.02498 0.166731
  756 -19.3714 2.97702 0.164088
  757 -19.3214 2.996 0.165134
  758 -19.2714 2.9001 0.159848
  759 -19.2214 2.9001 0.159848
  760 -19.1714 2.93307 0.161665
  761 -19.1214 3.07992 0.169759
  762 -19.0714 3.05395 0.168328
  763 -19.0214 2.95305 0.162766
  764 -18.9714 3.01998 0.166456
  765 -18.9214 3.03596 0.167337
  766 -18.8714 2.94306 0.162216
  767 -18.8214 2.996 0.165134
  768 -18.7714 2.93706 0.161885
  769 -18.7214 2.995 0.165079
  770 -18.6714 3.04096 0.167612
  771 -18.6214 3.05794 0.168548
  772 -18.5714 3.03796 0.167447
  773 -18.5214 3.16284 0.17433
  774 -18.4714 3.08292 0.169925
  775 -18.4214 2.98102 0.164308
  776 -18.3714 3.05395 0.168328
  777 -18.3214 3.05195 0.168218
  778 -18.2714 3.08492 0.170035
  779 -18.2214 2.98002 0.164253
  780 -18.1714 3.11688 0.171797
  781 -18.1214 3.1039 0.171081
  782 -18.0714 3.11389 0.171631
  783 -18.0214 3.06793 0.169099
  784 -17.9714 3.13986 0.173063
  785 -17.9214 3.18482 0.175541
  786 -17.8714 3.16284 0.17433
  787 -17.8214 3.10889 0.171356
  788 -17.7714 3.09491 0.170585
  789 -17.7214 3.27073 0.180276
  790 -17.6714 3.20779 0.176807
  791 -17.6214 3.18382 0.175486
  792 -17.5714 3.21978 0.177468
  793 -17.5214 3.26274 0.179836
  794 -17.4714 3.29371 0.181543
  795 -17.4214 3.27173 0.180331
  796 -17.3714 3.35165 0.184736
  797 -17.3214 3.36663 0.185562
  798 -17.2714 3.55445 0.195914
  799 -17.2214 3.43656 0.189417
  800 -17.1714 3.48352 0.192005
  801 -17.1214 3.2977 0.181763
  802 -17.0714 3.18382 0.175486
  803 -17.0214 3.18681 0.175651
  804 -16.9714 2.97303 0.163868
  805 -16.9214 2.87313 0.158361
  806 -16.8714 2.77323 0.152855
  807 -16.8214 2.63337 0.145146
  808 -16.7714 2.57942 0.142173
  809 -16.7214 2.54446 0.140246
  810 -16.6714 2.41159 0.132922
  811 -16.6214 2.36164 0.130169
  812 -16.5714 2.28172 0.125764
  813 -16.5214 2.32368 0.128077
  814 -16.4714 2.23876 0.123396
  815 -16.4214 2.17782 0.120037
  816 -16.3714 2.22977 0.122901
  817 -16.3214 2.21379 0.12202
  818 -16.2714 2.17183 0.119707
  819 -16.2214 2.20979 0.121799
  820 -16.1714 2.2018 0.121359
  821 -16.1214 2.27473 0.125379
  822 -16.0714 2.24276 0.123617
  823 -16.0214 2.41359 0.133032
  824 -15.9714 2.52847 0.139365
  825 -15.9214 2.70829 0.149276
  826 -15.8714 2.88511 0.159022
  827 -15.8214 3.07093 0.169264
  828 -15.7714 3.22577 0.177799
  829 -15.7214 3.54346 0.195309
  830 -15.6714 3.64336 0.200815
  831 -15.6214 3.95205 0.217829
  832 -15.5714 4.02098 0.221629
  833 -15.5214 4.08891 0.225373
  834 -15.4714 4.24376 0.233908
  835 -15.4214 4.22478 0.232862
  836 -15.3714 4.43457 0.244425
  837 -15.3214 4.44156 0.24481
  838 -15.2714 4.63836 0.255658
  839 -15.2214 4.68531 0.258246
  840 -15.1714 4.95305 0.273002
  841 -15.1214 4.57343 0.252079
  842 -15.0714 4.23077 0.233192
  843 -15.0214 3.96404 0.21849
  844 -14.9714 3.75824 0.207147
  845 -14.9214 3.43057 0.189086
  846 -14.8714 3.48152 0.191895
  847 -14.8214 3.21479 0.177193
  848 -14.7714 3.18781 0.175706
  849 -14.7214 3.03596 0.167337
  850 -14.6714 3.10889 0.171356
  851 -14.6214 3.05894 0.168603
  852 -14.5714 3.12088 0.172017
  853 -14.5214 3.13986 0.173063
  854 -14.4714 3.29471 0.181598
  855 -14.4214 3.49151 0.192445
  856 -14.3714 3.62837 0.199989
  857 -14.3214 3.78422 0.208579
  858 -14.2714 4.06394 0.223996
  859 -14.2214 4.32268 0.238258
  860 -14.1714 4.72228 0.260283
  861 -14.1214 5.02098 0.276747
  862 -14.0714 5.52448 0.304499
  863 -14.0214 5.73427 0.316062
  864 -13.9714 5.85914 0.322945
  865 -13.9214 5.8971 0.325037
  866 -13.8714 5.78821 0.319035
  867 -13.8214 5.91608 0.326083
  868 -13.7714 6.04096 0.332966
  869 -13.7214 6.34965 0.349981
  870 -13.6714 6.60939 0.364297
  871 -13.6214 6.58841 0.363141
  872 -13.5714 6.51149 0.358901
  873 -13.5214 6.11688 0.337151
  874 -13.4714 5.51748 0.304113
  875 -13.4214 5.14985 0.28385
  876 -13.3714 4.90709 0.27047
  877 -13.3214 4.57343 0.252079
  878 -13.2714 4.27373 0.23556
  879 -13.2214 4.02597 0.221904
  880 -13.1714 4.05295 0.223391
  881 -13.1214 3.92008 0.216067
  882 -13.0714 3.87413 0.213534
  883 -13.0214 3.8042 0.20968
  884 -12.9714 4.12188 0.22719
  885 -12.9214 4.1978 0.231375
  886 -12.8714 4.25075 0.234293
  887 -12.8214 4.42857 0.244094
  888 -12.7714 4.6034 0.25373
  889 -12.7214 4.71329 0.259787
  890 -12.6714 4.82318 0.265844
  891 -12.6214 5.29071 0.291614
  892 -12.5714 5.51049 0.303728
  893 -12.5214 5.59441 0.308353
  894 -12.4714 5.74525 0.316667
  895 -12.4214 6.14785 0.338858
  896 -12.3714 6.49451 0.357965
  897 -12.3214 6.70929 0.369803
  898 -12.2714 6.85614 0.377898
  899 -12.2214 7.22577 0.398271
  900 -12.1714 7.54146 0.415671
  901 -12.1214 8.04795 0.443588
  902 -12.0714 8.62537 0.475414
  903 -12.0214 9.43357 0.51996
  904 -11.9714 9.43656 0.520125
  905 -11.9214 8.93906 0.492704
  906 -11.8714 8.63836 0.47613
  907 -11.8214 8.02198 0.442156
  908 -11.7714 7.97702 0.439678
  909 -11.7214 7.81319 0.430648
  910 -11.6714 7.54446 0.415836
  911 -11.6214 7.60639 0.41925
  912 -11.5714 7.4975 0.413248
  913 -11.5214 7.63736 0.420957
  914 -11.4714 7.66833 0.422664
  915 -11.4214 7.69031 0.423875
  916 -11.3714 7.6953 0.424151
  917 -11.3214 7.6014 0.418975
  918 -11.2714 7.84116 0.43219
  919 -11.2214 7.87812 0.434227
  920 -11.1714 7.84416 0.432355
  921 -11.1214 8.13686 0.448488
  922 -11.0714 8.18482 0.451131
  923 -11.0214 8.25275 0.454876
  924 -10.9714 8.26873 0.455757
  925 -10.9214 8.16084 0.44981
  926 -10.8714 8.02897 0.442542
  927 -10.8214 8.08492 0.445625
  928 -10.7714 8.14086 0.448709
  929 -10.7214 8.09191 0.446011
  930 -10.6714 8.28671 0.456748
  931 -10.6214 8.13586 0.448433
  932 -10.5714 8.37762 0.461759
  933 -10.5214 8.11189 0.447112
  934 -10.4714 8.07393 0.445019
  935 -10.4214 8.22977 0.453609
  936 -10.3714 8.37263 0.461483
  937 -10.3214 8.28571 0.456693
  938 -10.2714 8.31169 0.458124
  939 -10.2214 8.32168 0.458675
  940 -10.1714 8.09091 0.445955
  941 -10.1214 8.13586 0.448433
  942 -10.0714 8.21379 0.452728
  943 -10.0214 8.32767 0.459005
  944 -9.97144 8.27572 0.456142
  945 -9.92144 8.40559 0.4633
  946 -9.87144 8.35564 0.460547
  947 -9.82144 8.5015 0.468586
  948 -9.77144 8.51948 0.469578
  949 -9.72144 8.3956 0.46275
  950 -9.67144 8.37263 0.461483
  951 -9.62144 8.17882 0.450801
  952 -9.57144 8.26573 0.455592
  953 -9.52144 8.43257 0.464787
  954 -9.47144 8.37463 0.461593
  955 -9.42144 8.32168 0.458675
  956 -9.37144 8.55644 0.471615
  957 -9.32144 8.50949 0.469027
  958 -9.27144 8.47253 0.46699
  959 -9.22144 8.58442 0.473157
  960 -9.17144 8.44755 0.465613
  961 -9.12144 8.51948 0.469578
  962 -9.07144 8.49451 0.468201
  963 -9.02144 8.65834 0.477231
  964 -8.97144 8.66933 0.477837
  965 -8.92144 8.62138 0.475194
  966 -8.87144 8.5984 0.473927
  967 -8.82144 8.57243 0.472496
  968 -8.77144 8.79021 0.4845
  969 -8.72144 8.62238 0.475249
  970 -8.67144 8.51049 0.469082
  971 -8.62144 8.58342 0.473102
  972 -8.57144 8.64136 0.476295
  973 -8.52144 8.72428 0.480865
  974 -8.47144 8.76324 0.483013
  975 -8.42144 8.71029 0.480095
  976 -8.37144 8.77023 0.483398
  977 -8.32144 8.72927 0.481141
  978 -8.27144 8.64935 0.476736
  979 -8.22144 8.55744 0.47167
  980 -8.17144 8.56244 0.471945
  981 -8.12144 8.80719 0.485436
  982 -8.07144 8.83017 0.486702
  983 -8.02144 9.03896 0.49821
  984 -7.97144 9.04496 0.498541
  985 -7.92144 9.07493 0.500193
  986 -7.87144 8.73926 0.481691
  987 -7.82144 8.93806 0.492649
  988 -7.77144 9.14286 0.503937
  989 -7.72144 8.9031 0.490722
  990 -7.67144 8.95005 0.49331
  991 -7.62144 8.71728 0.48048
  992 -7.57144 8.72428 0.480865
  993 -7.52144 8.82318 0.486317
  994 -7.47144 8.85614 0.488134
  995 -7.42144 8.93806 0.492649
  996 -7.37144 8.79121 0.484555
  997 -7.32144 8.96703 0.494246
  998 -7.27144 8.96603 0.494191
  999 -7.22144 8.77722 0.483784
  1000 -7.17144 9.00999 0.496613
  1001 -7.12144 9.01199 0.496724
  1002 -7.07144 8.90909 0.491052
  1003 -7.02144 9.03197 0.497825
  1004 -6.97144 9.07792 0.500358
  1005 -6.92144 9.08292 0.500633
  1006 -6.87144 8.9041 0.490777
  1007 -6.82144 9.03297 0.49788
  1008 -6.77144 8.98801 0.495402
  1009 -6.72144 9.07992 0.500468
  1010 -6.67144 9.28172 0.511591
  1011 -6.62144 9.14985 0.504322
  1012 -6.57144 9.07592 0.500248
  1013 -6.52144 9.04296 0.498431
  1014 -6.47144 9.21479 0.507901
  1015 -6.42144 8.99401 0.495732
  1016 -6.37144 9.35564 0.515665
  1017 -6.32144 9.38362 0.517207
  1018 -6.27144 9.07792 0.500358
  1019 -6.22144 9.25674 0.510214
  1020 -6.17144 9.3047 0.512857
  1021 -6.12144 9.29171 0.512141
  1022 -6.07144 9.08991 0.501019
  1023 -6.02144 9.33267 0.514399
  1024 -5.97144 9.24575 0.509608
  1025 -5.92144 9.17682 0.505809
  1026 -5.87144 9.2008 0.50713
  1027 -5.82144 9.34965 0.515335
  1028 -5.77144 9.13287 0.503386
  1029 -5.72144 9.13786 0.503662
  1030 -5.67144 9.20679 0.507461
  1031 -5.62144 9.25275 0.509994
  1032 -5.57144 9.1958 0.506855
  1033 -5.52144 9.29371 0.512251
  1034 -5.47144 9.34266 0.514949
  1035 -5.42144 9.31469 0.513408
  1036 -5.37144 9.30769 0.513022
  1037 -5.32144 9.33267 0.514399
  1038 -5.27144 9.36264 0.516051
  1039 -5.22144 9.4985 0.523539
  1040 -5.17144 9.23077 0.508782
  1041 -5.12144 9.34466 0.51506
  1042 -5.07144 9.56643 0.527284
  1043 -5.02144 9.4016 0.518198
  1044 -4.97144 9.4026 0.518253
  1045 -4.92144 9.5005 0.523649
  1046 -4.87144 9.35465 0.51561
  1047 -4.82144 9.26773 0.51082
  1048 -4.77144 9.00799 0.496503
  1049 -4.72144 9.29071 0.512086
  1050 -4.67144 9.52847 0.525191
  1051 -4.62144 9.34665 0.51517
  1052 -4.57144 9.30569 0.512912
  1053 -4.52144 9.43257 0.519905
  1054 -4.47144 9.4016 0.518198
  1055 -4.42144 9.50849 0.52409
  1056 -4.37144 9.41459 0.518914
  1057 -4.32144 9.45455 0.521117
  1058 -4.27144 9.16484 0.505148
  1059 -4.22144 9.34965 0.515335
  1060 -4.17144 9.54446 0.526072
  1061 -4.12144 9.50649 0.52398
  1062 -4.07144 9.54745 0.526237
  1063 -4.02144 9.55744 0.526788
  1064 -3.97144 9.27972 0.51148
  1065 -3.92144 9.32268 0.513848
  1066 -3.87144 9.63636 0.531138
  1067 -3.82144 9.36464 0.516161
  1068 -3.77144 9.55145 0.526458
  1069 -3.72144 9.46354 0.521612
  1070 -3.67144 9.36563 0.516216
  1071 -3.62144 9.50549 0.523925
  1072 -3.57144 9.28971 0.512031
  1073 -3.52144 9.28571 0.511811
  1074 -3.47144 9.34366 0.515005
  1075 -3.42144 9.31668 0.513518
  1076 -3.37144 9.43856 0.520235
  1077 -3.32144 9.53447 0.525522
  1078 -3.27144 9.56144 0.527008
  1079 -3.22144 9.58841 0.528495
  1080 -3.17144 9.47153 0.522053
  1081 -3.12144 9.46553 0.521722
  1082 -3.07144 9.56943 0.527449
  1083 -3.02144 9.57243 0.527614
  1084 -2.97144 9.84515 0.542646
  1085 -2.92144 9.62637 0.530587
  1086 -2.87144 9.66533 0.532735
  1087 -2.82144 9.61838 0.530147
  1088 -2.77144 9.4006 0.518143
  1089 -2.72144 9.63536 0.531083
  1090 -2.67144 9.41958 0.519189
  1091 -2.62144 9.42857 0.519685
  1092 -2.57144 9.53546 0.525577
  1093 -2.52144 9.43257 0.519905
  1094 -2.47144 9.38062 0.517042
  1095 -2.42144 9.61139 0.529761
  1096 -2.37144 9.64835 0.531799
  1097 -2.32144 9.5025 0.52376
  1098 -2.27144 9.72827 0.536204
  1099 -2.22144 9.83417 0.54204
  1100 -2.17144 9.79221 0.539728
  1101 -2.12144 9.66434 0.53268
  1102 -2.07144 9.74226 0.536975
  1103 -2.02144 9.51848 0.524641
  1104 -1.97144 9.4965 0.523429
  1105 -1.92144 9.73726 0.536699
  1106 -1.87144 9.51748 0.524585
  1107 -1.82144 9.53646 0.525632
  1108 -1.77144 9.55445 0.526623
  1109 -1.72144 9.3996 0.518088
  1110 -1.67144 9.44356 0.520511
  1111 -1.62144 9.38861 0.517482
  1112 -1.57144 9.39361 0.517758
  1113 -1.52144 9.4955 0.523374
  1114 -1.47144 9.65335 0.532074
  1115 -1.42144 9.48751 0.522934
  1116 -1.37144 9.78921 0.539563
  1117 -1.32144 9.55944 0.526898
  1118 -1.27144 9.85614 0.543252
  1119 -1.22144 9.63936 0.531303
  1120 -1.17144 9.83417 0.54204
  1121 -1.12144 9.85814 0.543362
  1122 -1.07144 9.78821 0.539508
  1123 -1.02144 9.82517 0.541545
  1124 -0.971438 9.47353 0.522163
  1125 -0.921438 9.42458 0.519465
  1126 -0.871438 9.43856 0.520235
  1127 -0.821438 9.57143 0.527559
  1128 -0.771438 9.35365 0.515555
  1129 -0.721438 9.49251 0.523209
  1130 -0.671438 9.71029 0.535213
  1131 -0.621438 9.79421 0.539838
  1132 -0.571438 9.61638 0.530037
  1133 -0.521438 9.51948 0.524696
  1134 -0.471438 9.43057 0.519795
  1135 -0.421438 9.50549 0.523925
  1136 -0.371438 9.65834 0.532349
  1137 -0.321438 9.88711 0.544959
  1138 -0.271438 9.79021 0.539618
  1139 -0.221438 9.73127 0.536369
  1140 -0.171438 9.82817 0.54171
  1141 -0.121438 10.021 0.552337
  1142 -0.0714379 9.97902 0.550025
  1143 -0.0214379 9.81918 0.541215
  1144 0.0285621 9.65135 0.531964
  1145 0.0785621 9.63437 0.531028
  1146 0.128562 9.74925 0.53736
  1147 0.178562 9.47852 0.522438
  1148 0.228562 9.48252 0.522658
  1149 0.278562 9.36963 0.516436
  1150 0.328562 9.42857 0.519685
  1151 0.378562 9.42757 0.51963
  1152 0.428562 9.42358 0.51941
  1153 0.478562 9.55045 0.526403
  1154 0.528562 9.6014 0.529211
  1155 0.578562 9.73826 0.536754
  1156 0.628562 9.80519 0.540444
  1157 0.678562 9.74625 0.537195
  1158 0.728562 9.85714 0.543307
  1159 0.778562 9.7023 0.534772
  1160 0.828562 9.61738 0.530092
  1161 0.878562 9.67632 0.53334
  1162 0.928562 9.72527 0.536039
  1163 0.978562 9.50949 0.524145
  1164 1.02856 9.61838 0.530147
  1165 1.07856 9.65035 0.531909
  1166 1.12856 9.3956 0.517868
  1167 1.17856 9.52747 0.525136
  1168 1.22856 9.72028 0.535763
  1169 1.27856 9.48052 0.522548
  1170 1.32856 9.32268 0.513848
  1171 1.37856 9.56943 0.527449
  1172 1.42856 9.46653 0.521777
  1173 1.47856 9.75824 0.537856
  1174 1.52856 9.83816 0.542261
  1175 1.57856 9.63536 0.531083
  1176 1.62856 9.74326 0.53703
  1177 1.67856 9.66134 0.532515
  1178 1.72856 9.77822 0.538957
  1179 1.77856 9.52148 0.524806
  1180 1.82856 9.56643 0.527284
  1181 1.87856 9.43956 0.520291
  1182 1.92856 9.53247 0.525411
  1183 1.97856 9.55245 0.526513
  1184 2.02856 9.33766 0.514674
  1185 2.07856 9.4955 0.523374
  1186 2.12856 9.58741 0.52844
  1187 2.17856 9.5994 0.529101
  1188 2.22856 9.43157 0.51985
  1189 2.27856 9.53946 0.525797
  1190 2.32856 9.43257 0.519905
  1191 2.37856 9.54845 0.526292
  1192 2.42856 9.55744 0.526788
  1193 2.47856 9.80519 0.540444
  1194 2.52856 9.48851 0.522989
  1195 2.57856 9.39261 0.517703
  1196 2.62856 9.68731 0.533946
  1197 2.67856 9.47952 0.522493
  1198 2.72856 9.51548 0.524475
  1199 2.77856 9.37363 0.516656
  1200 2.82856 9.54845 0.526292
  1201 2.87856 9.47153 0.522053
  1202 2.92856 9.37063 0.516491
  1203 2.97856 9.3047 0.512857
  1204 3.02856 9.5045 0.52387
  1205 3.07856 9.56344 0.527118
  1206 3.12856 9.31469 0.513408
  1207 3.17856 9.41359 0.518859
  1208 3.22856 9.46054 0.521447
  1209 3.27856 9.42058 0.519244
  1210 3.32856 9.6983 0.534552
  1211 3.37856 9.67033 0.53301
  1212 3.42856 9.78821 0.539508
  1213 3.47856 9.57742 0.527889
  1214 3.52856 9.5035 0.523815
  1215 3.57856 9.58042 0.528054
  1216 3.62856 9.37962 0.516987
  1217 3.67856 9.63936 0.531303
  1218 3.72856 9.62737 0.530642
  1219 3.77856 9.38462 0.517262
  1220 3.82856 9.49451 0.523319
  1221 3.87856 9.46254 0.521557
  1222 3.92856 9.52148 0.524806
  1223 3.97856 9.40959 0.518639
  1224 4.02856 9.31568 0.513463
  1225 4.07856 9.39461 0.517813
  1226 4.12856 9.44156 0.520401
  1227 4.17856 9.36364 0.516106
  1228 4.22856 9.39061 0.517592
  1229 4.27856 9.38861 0.517482
  1230 4.32856 9.48252 0.522658
  1231 4.37856 9.63536 0.531083
  1232 4.42856 9.44156 0.520401
  1233 4.47856 9.36164 0.515996
  1234 4.52856 9.28571 0.511811
  1235 4.57856 9.44655 0.520676
  1236 4.62856 9.2048 0.507351
  1237 4.67856 9.35065 0.51539
  1238 4.72856 9.34965 0.515335
  1239 4.77856 9.30869 0.513077
  1240 4.82856 9.24176 0.509388
  1241 4.87856 9.24376 0.509498
  1242 4.92856 9.24476 0.509553
  1243 4.97856 9.16783 0.505313
  1244 5.02856 9.19081 0.50658
  1245 5.07856 9.28172 0.511591
  1246 5.12856 9.27972 0.51148
  1247 5.17856 9.56444 0.527173
  1248 5.22856 9.26873 0.510875
  1249 5.27856 9.27073 0.510985
  1250 5.32856 9.34865 0.51528
  1251 5.37856 9.4965 0.523429
  1252 5.42856 9.34166 0.514894
  1253 5.47856 9.32168 0.513793
  1254 5.52856 9.13986 0.503772
  1255 5.57856 9.21379 0.507846
  1256 5.62856 9.10789 0.50201
  1257 5.67856 9.21778 0.508067
  1258 5.72856 9.31469 0.513408
  1259 5.77856 9.17682 0.505809
  1260 5.82856 9.03497 0.49799
  1261 5.87856 8.96104 0.493915
  1262 5.92856 9.02597 0.497494
  1263 5.97856 9.01499 0.496889
  1264 6.02856 8.88112 0.48951
  1265 6.07856 8.93706 0.492594
  1266 6.12856 8.93806 0.492649
  1267 6.17856 9.23077 0.508782
  1268 6.22856 9.08691 0.500853
  1269 6.27856 8.95504 0.493585
  1270 6.32856 9.04695 0.498651
  1271 6.37856 9.18581 0.506305
  1272 6.42856 9.28272 0.511646
  1273 6.47856 9.21678 0.508012
  1274 6.52856 9.24476 0.509553
  1275 6.57856 9.33866 0.514729
  1276 6.62856 9.30869 0.513077
  1277 6.67856 9.36563 0.516216
  1278 6.72856 9.01499 0.496889
  1279 6.77856 9.18482 0.506249
  1280 6.82856 9.1039 0.501789
  1281 6.87856 8.90909 0.491052
  1282 6.92856 8.8961 0.490336
  1283 6.97856 9.06494 0.499642
  1284 7.02856 9.16384 0.505093
  1285 7.07856 8.85714 0.488189
  1286 7.12856 8.92907 0.492153
  1287 7.17856 8.78721 0.484334
  1288 7.22856 9.1029 0.501734
  1289 7.27856 8.85115 0.487858
  1290 7.32856 9.06194 0.499477
  1291 7.37856 8.9011 0.490612
  1292 7.42856 8.78222 0.484059
  1293 7.47856 8.95604 0.49364
  1294 7.52856 8.87313 0.48907
  1295 7.57856 8.97203 0.494521
  1296 7.62856 8.8002 0.48505
  1297 7.67856 8.88911 0.489951
  1298 7.72856 8.92507 0.491933
  1299 7.77856 8.95504 0.493585
  1300 7.82856 8.73926 0.481691
  1301 7.87856 8.72927 0.481141
  1302 7.92856 8.73027 0.481196
  1303 7.97856 8.86913 0.48885
  1304 8.02856 8.94905 0.493255
  1305 8.07856 8.71728 0.48048
  1306 8.12856 8.79221 0.48461
  1307 8.17856 8.81419 0.485821
  1308 8.22856 8.98402 0.495182
  1309 8.27856 8.83516 0.486977
  1310 8.32856 8.88112 0.48951
  1311 8.37856 8.76124 0.482903
  1312 8.42856 8.81419 0.485821
  1313 8.47856 8.84615 0.487583
  1314 8.52856 8.81718 0.485986
  1315 8.57856 8.6014 0.474093
  1316 8.62856 8.70529 0.479819
  1317 8.67856 8.76224 0.482958
  1318 8.72856 8.77423 0.483619
  1319 8.77856 8.5964 0.473817
  1320 8.82856 8.65934 0.477286
  1321 8.87856 8.59041 0.473487
  1322 8.92856 8.47253 0.46699
  1323 8.97856 8.54945 0.471229
  1324 9.02856 8.41558 0.463851
  1325 9.07856 8.46354 0.466494
  1326 9.12856 8.4965 0.468311
  1327 9.17856 8.76124 0.482903
  1328 9.22856 8.53447 0.470403
  1329 9.27856 8.66234 0.477452
  1330 9.32856 8.85115 0.487858
  1331 9.37856 8.8032 0.485215
  1332 9.42856 8.64036 0.47624
  1333 9.47856 8.79221 0.48461
  1334 9.52856 8.65634 0.477121
  1335 9.57856 8.66334 0.477507
  1336 9.62856 8.55045 0.471284
  1337 9.67856 8.57542 0.472661
  1338 9.72856 8.77922 0.483894
  1339 9.77856 8.60939 0.474533
  1340 9.82856 8.60739 0.474423
  1341 9.87856 8.31768 0.458455
  1342 9.92856 8.53946 0.470679
  1343 9.97856 8.4995 0.468476
  1344 10.0286 8.45854 0.466219
  1345 10.0786 8.43656 0.465007
  1346 10.1286 8.39361 0.46264
  1347 10.1786 8.4036 0.46319
  1348 10.2286 8.12687 0.447938
  1349 10.2786 7.97502 0.439568
  1350 10.3286 8.13986 0.448654
  1351 10.3786 8.22777 0.453499
  1352 10.4286 8.4006 0.463025
  1353 10.4786 8.04396 0.443368
  1354 10.5286 8.39461 0.462695
  1355 10.5786 8.16084 0.44981
  1356 10.6286 8.27572 0.456142
  1357 10.6786 8.37263 0.461483
  1358 10.7286 8.27173 0.455922
  1359 10.7786 8.2967 0.457298
  1360 10.8286 8.26474 0.455536
  1361 10.8786 8.52448 0.469853
  1362 10.9286 8.33866 0.459611
  1363 10.9786 8.34665 0.460052
  1364 11.0286 8.2957 0.457243
  1365 11.0786 8.33666 0.459501
  1366 11.1286 8.45255 0.465888
  1367 11.1786 8.14386 0.448874
  1368 11.2286 8.16284 0.44992
  1369 11.2786 7.8961 0.435218
  1370 11.3286 7.78122 0.428886
  1371 11.3786 7.82517 0.431309
  1372 11.4286 7.6973 0.424261
  1373 11.4786 7.65934 0.422168
  1374 11.5286 7.49451 0.413083
  1375 11.5786 7.71229 0.425087
  1376 11.6286 7.68731 0.42371
  1377 11.6786 7.4965 0.413193
  1378 11.7286 7.93107 0.437145
  1379 11.7786 7.89311 0.435053
  1380 11.8286 8.36763 0.461208
  1381 11.8786 8.55944 0.47178
  1382 11.9286 9.15285 0.504487
  1383 11.9786 9.48651 0.522879
  1384 12.0286 9.5994 0.529101
  1385 12.0786 9.05694 0.499201
  1386 12.1286 8.48551 0.467705
  1387 12.1786 7.91708 0.436375
  1388 12.2286 7.47752 0.412147
  1389 12.2786 7.03297 0.387644
  1390 12.3286 6.68731 0.368592
  1391 12.3786 6.5005 0.358295
  1392 12.4286 6.29171 0.346787
  1393 12.4786 5.97203 0.329167
  1394 12.5286 5.66833 0.312428
  1395 12.5786 5.5994 0.308628
  1396 12.6286 5.38561 0.296845
  1397 12.6786 4.96503 0.273663
  1398 12.7286 4.73826 0.261164
  1399 12.7786 4.6024 0.253675
  1400 12.8286 4.39461 0.242222
  1401 12.8786 4.16883 0.229778
  1402 12.9286 4.08492 0.225153
  1403 12.9786 4.10889 0.226474
  1404 13.0286 4.08591 0.225208
  1405 13.0786 3.99001 0.219922
  1406 13.1286 4.03596 0.222455
  1407 13.1786 4.08791 0.225318
  1408 13.2286 4.38661 0.241782
  1409 13.2786 4.35564 0.240075
  1410 13.3286 4.72627 0.260503
  1411 13.3786 4.95405 0.273058
  1412 13.4286 5.30769 0.29255
  1413 13.4786 5.8012 0.319751
  1414 13.5286 6.21678 0.342657
  1415 13.5786 6.77722 0.373548
  1416 13.6286 6.86114 0.378173
  1417 13.6786 6.44056 0.354991
  1418 13.7286 6.35265 0.350146
  1419 13.7786 6.31469 0.348053
  1420 13.8286 6.14386 0.338638
  1421 13.8786 6.27473 0.345851
  1422 13.9286 5.95904 0.328451
  1423 13.9786 6.00899 0.331204
  1424 14.0286 5.76623 0.317824
  1425 14.0786 5.3976 0.297506
  1426 14.1286 5.03397 0.277463
  1427 14.1786 4.64136 0.255823
  1428 14.2286 4.39261 0.242112
  1429 14.2786 4.22278 0.232751
  1430 14.3286 3.90709 0.215352
  1431 14.3786 3.54745 0.195529
  1432 14.4286 3.44056 0.189637
  1433 14.4786 3.3037 0.182093
  1434 14.5286 3.25475 0.179395
  1435 14.5786 3.10689 0.171246
  1436 14.6286 3.14785 0.173504
  1437 14.6786 2.999 0.165299
  1438 14.7286 3.12188 0.172072
  1439 14.7786 3.10989 0.171411
  1440 14.8286 3.1978 0.176257
  1441 14.8786 3.44356 0.189802
  1442 14.9286 3.5984 0.198337
  1443 14.9786 3.83616 0.211442
  1444 15.0286 4.20779 0.231925
  1445 15.0786 4.46753 0.246242
  1446 15.1286 4.82917 0.266175
  1447 15.1786 5.18482 0.285777
  1448 15.2286 5.01099 0.276196
  1449 15.2786 4.89411 0.269754
  1450 15.3286 4.68931 0.258466
  1451 15.3786 4.73127 0.260779
  1452 15.4286 4.48951 0.247453
  1453 15.4786 4.38162 0.241506
  1454 15.5286 4.46753 0.246242
  1455 15.5786 4.31169 0.237652
  1456 15.6286 4.19181 0.231044
  1457 15.6786 4.01998 0.221574
  1458 15.7286 3.60639 0.198778
  1459 15.7786 3.45854 0.190628
  1460 15.8286 3.32667 0.18336
  1461 15.8786 3.06593 0.168988
  1462 15.9286 2.86314 0.157811
  1463 15.9786 2.78022 0.15324
  1464 16.0286 2.66633 0.146963
  1465 16.0786 2.49251 0.137382
  1466 16.1286 2.47253 0.136281
  1467 16.1786 2.42458 0.133638
  1468 16.2286 2.31568 0.127636
  1469 16.2786 2.25075 0.124057
  1470 16.3286 2.24675 0.123837
  1471 16.3786 2.28172 0.125764
  1472 16.4286 2.27373 0.125323
  1473 16.4786 2.33167 0.128517
  1474 16.5286 2.23576 0.123231
  1475 16.5786 2.51648 0.138704
  1476 16.6286 2.55245 0.140686
  1477 16.6786 2.54745 0.140411
  1478 16.7286 2.74026 0.151038
  1479 16.7786 2.73526 0.150763
  1480 16.8286 2.85714 0.15748
  1481 16.8786 2.82717 0.155828
  1482 16.9286 3.03097 0.167061
  1483 16.9786 3.10989 0.171411
  1484 17.0286 3.26973 0.180221
  1485 17.0786 3.34366 0.184296
  1486 17.1286 3.58442 0.197566
  1487 17.1786 3.81219 0.210121
  1488 17.2286 3.63337 0.200264
  1489 17.2786 3.58042 0.197346
  1490 17.3286 3.61239 0.199108
  1491 17.3786 3.61938 0.199493
  1492 17.4286 3.45055 0.190188
  1493 17.4786 3.48052 0.19184
  1494 17.5286 3.47952 0.191785
  1495 17.5786 3.45155 0.190243
  1496 17.6286 3.29371 0.181543
  1497 17.6786 3.34965 0.184626
  1498 17.7286 3.28871 0.181267
  1499 17.7786 3.22877 0.177964
  1500 17.8286 3.17083 0.17477
  1501 17.8786 3.30669 0.182259
  1502 17.9286 3.20579 0.176697
  1503 17.9786 3.27672 0.180607
  1504 18.0286 3.36563 0.185507
  1505 18.0786 3.26773 0.180111
  1506 18.1286 3.21279 0.177083
  1507 18.1786 3.30869 0.182369
  1508 18.2286 3.16284 0.17433
  1509 18.2786 3.20679 0.176752
  1510 18.3286 3.23177 0.178129
  1511 18.3786 3.21578 0.177248
  1512 18.4286 3.22378 0.177688
  1513 18.4786 3.17483 0.17499
  1514 18.5286 3.2018 0.176477
  1515 18.5786 3.25375 0.17934
  1516 18.6286 3.20679 0.176752
  1517 18.6786 3.20679 0.176752
  1518 18.7286 3.17882 0.175211
  1519 18.7786 3.13586 0.172843
  1520 18.8286 3.06793 0.169099
  1521 18.8786 3.14286 0.173228
  1522 18.9286 2.998 0.165244
  1523 18.9786 3.05794 0.168548
  1524 19.0286 2.97902 0.164198
  1525 19.0786 3.18781 0.175706
  1526 19.1286 3.13786 0.172953
  1527 19.1786 3.13886 0.173008
  1528 19.2286 3.15684 0.173999
  1529 19.2786 3.15684 0.173999
  1530 19.3286 3.05495 0.168383
  1531 19.3786 3.02597 0.166786
  1532 19.4286 3.11489 0.171687
  1533 19.4786 3.01399 0.166125
  1534 19.5286 3.14386 0.173283
  1535 19.5786 3.05794 0.168548
  1536 19.6286 3.11688 0.171797
  1537 19.6786 2.95105 0.162656
  1538 19.7286 2.97303 0.163868
  1539 19.7786 3.08092 0.169814
  1540 19.8286 3.14585 0.173393
  1541 19.8786 3.07692 0.169594
  1542 19.9286 3.07692 0.169594
  1543 19.9786 3.02797 0.166896
  1544 20.0286 3.00999 0.165905
  1545 20.0786 3.05095 0.168162
  1546 20.1286 3.06693 0.169043
  1547 20.1786 2.95105 0.162656
  1548 20.2286 3.004 0.165575
  1549 20.2786 3.01299 0.16607
  1550 20.3286 2.97403 0.163923
  1551 20.3786 3.02797 0.166896
  1552 20.4286 3.03996 0.167557
  1553 20.4786 2.998 0.165244
  1554 20.5286 2.98302 0.164418
  1555 20.5786 2.92108 0.161004
  1556 20.6286 2.91808 0.160839
  1557 20.6786 2.90609 0.160178
  1558 20.7286 2.8971 0.159683
  1559 20.7786 2.8971 0.159683
  1560 20.8286 2.95504 0.162876
  1561 20.8786 2.83317 0.156159
  1562 20.9286 2.82517 0.155718
  1563 20.9786 2.74525 0.151313
  1564 21.0286 2.80619 0.154672
  1565 21.0786 2.73227 0.150597
  1566 21.1286 2.7992 0.154287
  1567 21.1786 2.80619 0.154672
  1568 21.2286 2.75624 0.151919
  1569 21.2786 2.74525 0.151313
  1570 21.3286 2.78821 0.153681
  1571 21.3786 2.7013 0.14889
  1572 21.4286 2.71728 0.149771
  1573 21.4786 2.72827 0.150377
  1574 21.5286 2.60539 0.143604
  1575 21.5786 2.78222 0.153351
  1576 21.6286 2.73027 0.150487
  1577 21.6786 2.80719 0.154727
  1578 21.7286 2.64236 0.145642
  1579 21.7786 2.76723 0.152525
  1580 21.8286 2.76024 0.152139
  1581 21.8786 2.88611 0.159077
  1582 21.9286 2.73427 0.150708
  1583 21.9786 2.66833 0.147073
  1584 22.0286 2.7043 0.149056
  1585 22.0786 2.64336 0.145697
  1586 22.1286 2.71029 0.149386
  1587 22.1786 2.70829 0.149276
  1588 22.2286 2.65335 0.146247
  1589 22.2786 2.70629 0.149166
  1590 22.3286 2.70929 0.149331
  1591 22.3786 2.66334 0.146798
  1592 22.4286 2.72128 0.149992
  1593 22.4786 2.6953 0.14856
  1594 22.5286 2.68731 0.14812
  1595 22.5786 2.69031 0.148285
  1596 22.6286 2.68332 0.147899
  1597 22.6786 2.82118 0.155498
  1598 22.7286 2.57942 0.142173
  1599 22.7786 2.73726 0.150873
  1600 22.8286 2.66234 0.146743
  1601 22.8786 2.72627 0.150267
  1602 22.9286 2.67333 0.147349
  1603 22.9786 2.6044 0.143549
  1604 23.0286 2.62238 0.14454
  1605 23.0786 2.61538 0.144155
  1606 23.1286 2.56643 0.141457
  1607 23.1786 2.56344 0.141292
  1608 23.2286 2.66234 0.146743
  1609 23.2786 2.63237 0.145091
  1610 23.3286 2.53247 0.139585
  1611 23.3786 2.64436 0.145752
  1612 23.4286 2.61439 0.1441
  1613 23.4786 2.65534 0.146358
  1614 23.5286 2.4995 0.137768
  1615 23.5786 2.59041 0.142778
  1616 23.6286 2.53846 0.139915
  1617 23.6786 2.58242 0.142338
  1618 23.7286 2.54645 0.140356
  1619 23.7786 2.62238 0.14454
  1620 23.8286 2.46953 0.136116
  1621 23.8786 2.60839 0.14377
  1622 23.9286 2.64835 0.145972
  1623 23.9786 2.55544 0.140851
  1624 24.0286 2.48352 0.136887
  1625 24.0786 2.48352 0.136887
  1626 24.1286 2.54845 0.140466
  1627 24.1786 2.48951 0.137217
  1628 24.2286 2.58641 0.142558
  1629 24.2786 2.54945 0.140521
  1630 24.3286 2.4955 0.137547
  1631 24.3786 2.65534 0.146358
  1632 24.4286 2.58042 0.142228
  1633 24.4786 2.55245 0.140686
  1634 24.5286 2.48651 0.137052
  1635 24.5786 2.5994 0.143274
  1636 24.6286 2.52547 0.139199
  1637 24.6786 2.4955 0.137547
  1638 24.7286 2.44256 0.134629
  1639 24.7786 2.56743 0.141512
  1640 24.8286 2.51548 0.138649
  1641 24.8786 2.41259 0.132977
  1642 24.9286 2.45355 0.135235
  1643 24.9786 2.45055 0.13507
  1644 25.0286 2.44755 0.134904
  1645 25.0786 2.39361 0.131931
  1646 25.1286 2.46354 0.135785
  1647 25.1786 2.47752 0.136556
  1648 25.2286 2.34266 0.129123
  1649 25.2786 2.43756 0.134354
  1650 25.3286 2.38262 0.131325
  1651 25.3786 2.40859 0.132757
  1652 25.4286 2.41858 0.133308
  1653 25.4786 2.41459 0.133087
  1654 25.5286 2.40959 0.132812
  1655 25.5786 2.38062 0.131215
  1656 25.6286 2.4006 0.132316
  1657 25.6786 2.45355 0.135235
  1658 25.7286 2.49251 0.137382
  1659 25.7786 2.41858 0.133308
  1660 25.8286 2.33267 0.128572
  1661 25.8786 2.48152 0.136777
  1662 25.9286 2.39061 0.131766
  1663 25.9786 2.36264 0.130224
  1664 26.0286 2.38661 0.131546
  1665 26.0786 2.32767 0.128297
  1666 26.1286 2.31868 0.127801
  1667 26.1786 2.35365 0.129728
  1668 26.2286 2.32468 0.128132
  1669 26.2786 2.24975 0.124002
  1670 26.3286 2.34965 0.129508
  1671 26.3786 2.30669 0.127141
  1672 26.4286 2.41558 0.133142
  1673 26.4786 2.34166 0.129068
  1674 26.5286 2.31868 0.127801
  1675 26.5786 2.31968 0.127856
  1676 26.6286 2.27273 0.125268
  1677 26.6786 2.21379 0.12202
  1678 26.7286 2.31069 0.127361
  1679 26.7786 2.3047 0.12703
  1680 26.8286 2.26374 0.124773
  1681 26.8786 2.37962 0.13116
  1682 26.9286 2.27672 0.125489
  1683 26.9786 2.3047 0.12703
  1684 27.0286 2.24975 0.124002
  1685 27.0786 2.28771 0.126094
  1686 27.1286 2.35165 0.129618
  1687 27.1786 2.3017 0.126865
  1688 27.2286 2.34665 0.129343
  1689 27.2786 2.28971 0.126204
  1690 27.3286 2.25874 0.124498
  1691 27.3786 2.11788 0.116734
  1692 27.4286 2.14486 0.11822
  1693 27.4786 2.2048 0.121524
  1694 27.5286 2.17083 0.119652
  1695 27.5786 2.12687 0.117229
  1696 27.6286 2.24775 0.123892
  1697 27.6786 2.22577 0.12268
  1698 27.7286 2.28871 0.126149
  1699 27.7786 2.18382 0.120368
  1700 27.8286 2.18282 0.120313
  1701 27.8786 2.17083 0.119652
  1702 27.9286 2.22577 0.12268
  1703 27.9786 2.20879 0.121744
  1704 28.0286 2.1958 0.121029
  1705 28.0786 2.14486 0.11822
  1706 28.1286 2.15085 0.118551
  1707 28.1786 2.22577 0.12268
  1708 28.2286 2.1998 0.121249
  1709 28.2786 2.1968 0.121084
  1710 28.3286 2.09491 0.115467
  1711 28.3786 2.18482 0.120423
  1712 28.4286 2.1039 0.115963
  1713 28.4786 2.08891 0.115137
  1714 28.5286 2.1009 0.115798
  1715 28.5786 2.14086 0.118
  1716 28.6286 2.20579 0.121579
  1717 28.6786 2.18382 0.120368
  1718 28.7286 2.15984 0.119046
  1719 28.7786 2.19281 0.120863
  1720 28.8286 2.11788 0.116734
  1721 28.8786 2.20779 0.121689
  1722 28.9286 2.15185 0.118606
  1723 28.9786 2.07093 0.114146
  1724 29.0286 2.07792 0.114531
  1725 29.0786 2.11089 0.116348
  1726 29.1286 2.11788 0.116734
  1727 29.1786 2.02597 0.111668
  1728 29.2286 2.1009 0.115798
  1729 29.2786 2.04995 0.112989
  1730 29.3286 2.12288 0.117009
  1731 29.3786 2.06394 0.11376
  1732 29.4286 2.07493 0.114366
  1733 29.4786 2.10989 0.116293
  1734 29.5286 2.1958 0.121029
  1735 29.5786 2.16683 0.119432
  1736 29.6286 2.12288 0.117009
  1737 29.6786 2.19181 0.120808
  1738 29.7286 2.18881 0.120643
  1739 29.7786 2.12787 0.117284
  1740 29.8286 2.16284 0.119211
  1741 29.8786 2.22977 0.122901
  1742 29.9286 2.15085 0.118551
  1743 29.9786 2.14985 0.118496
  1744 30.0286 2.13986 0.117945
  1745 30.0786 2.09491 0.115467
  1746 30.1286 2.14585 0.118275
  1747 30.1786 2.14685 0.11833
  1748 30.2286 2.03097 0.111943
  1749 30.2786 2.10689 0.116128
  1750 30.3286 1.97802 0.109025
  1751 30.3786 2.06494 0.113815
  1752 30.4286 1.92008 0.105831
  1753 30.4786 2.06793 0.11398
  1754 30.5286 2.06494 0.113815
  1755 30.5786 2.01698 0.111172
  1756 30.6286 2.08891 0.115137
  1757 30.6786 2.14286 0.11811
  1758 30.7286 2.13686 0.11778
  1759 30.7786 2.1029 0.115908
  1760 30.8286 2.06094 0.113595
  1761 30.8786 1.94406 0.107153
  1762 30.9286 2.04695 0.112824
  1763 30.9786 2.03097 0.111943
  1764 31.0286 2.13786 0.117835
  1765 31.0786 2.07093 0.114146
  1766 31.1286 2.01499 0.111062
  1767 31.1786 2.0959 0.115522
  1768 31.2286 2.10889 0.116238
  1769 31.2786 2.06394 0.11376
  1770 31.3286 2.01199 0.110897
  1771 31.3786 2.01499 0.111062
  1772 31.4286 2.08891 0.115137
  1773 31.4786 1.99301 0.109851
  1774 31.5286 2.06094 0.113595
  1775 31.5786 1.99101 0.109741
  1776 31.6286 2.06294 0.113705
  1777 31.6786 1.999 0.110181
  1778 31.7286 1.996 0.110016
  1779 31.7786 1.92208 0.105941
  1780 31.8286 1.93307 0.106547
  1781 31.8786 1.96304 0.108199
  1782 31.9286 1.9021 0.10484
  1783 31.9786 1.93806 0.106822
  1784 32.0286 2.00999 0.110787
  1785 32.0786 1.99401 0.109906
  1786 32.1286 2.02797 0.111778
  1787 32.1786 1.998 0.110126
  1788 32.2286 2.02897 0.111833
  1789 32.2786 2.02198 0.111448
  1790 32.3286 2.05594 0.11332
  1791 32.3786 2.01099 0.110842
  1792 32.4286 1.96503 0.108309
  1793 32.4786 2.02797 0.111778
  1794 32.5286 1.999 0.110181
  1795 32.5786 1.95205 0.107593
  1796 32.6286 1.82717 0.10071
  1797 32.6786 1.92208 0.105941
  1798 32.7286 1.90609 0.10506
  1799 32.7786 1.86713 0.102913
  1800 32.8286 1.9031 0.104895
  1801 32.8786 1.88611 0.103959
  1802 32.9286 1.9031 0.104895
  1803 32.9786 1.9041 0.10495
  1804 33.0286 1.90909 0.105225
  1805 33.0786 1.88112 0.103684
  1806 33.1286 1.94106 0.106987
  1807 33.1786 1.85814 0.102417
  1808 33.2286 1.96703 0.108419
  1809 33.2786 2.02897 0.111833
  1810 33.3286 1.88212 0.103739
  1811 33.3786 1.94206 0.107043
  1812 33.4286 1.92907 0.106327
  1813 33.4786 1.98002 0.109135
  1814 33.5286 1.93407 0.106602
  1815 33.5786 1.8991 0.104675
  1816 33.6286 1.82617 0.100655
  1817 33.6786 1.84515 0.101701
  1818 33.7286 1.86713 0.102913
  1819 33.7786 1.94705 0.107318
  1820 33.8286 1.92208 0.105941
  1821 33.8786 1.93906 0.106877
  1822 33.9286 1.93007 0.106382
  1823 33.9786 2 0.110236
  1824 34.0286 1.98102 0.10919
  1825 34.0786 1.91209 0.105391
  1826 34.1286 1.91009 0.105281
  1827 34.1786 1.8971 0.104565
  1828 34.2286 1.94505 0.107208
  1829 34.2786 1.92807 0.106272
  1830 34.3286 1.88511 0.103904
  1831 34.3786 1.92507 0.106106
  1832 34.4286 1.81518 0.10005
  1833 34.4786 1.87612 0.103408
  1834 34.5286 1.90609 0.10506
  1835 34.5786 1.86613 0.102858
  1836 34.6286 1.84416 0.101646
  1837 34.6786 1.92607 0.106162
  1838 34.7286 1.83417 0.101096
  1839 34.7786 1.82917 0.10082
  1840 34.8286 1.85814 0.102417
  1841 34.8786 1.80519 0.0994989
  1842 34.9286 1.83516 0.101151
  1843 34.9786 1.89411 0.1044
  1844 35.0286 1.81818 0.100215
  1845 35.0786 1.85714 0.102362
  1846 35.1286 1.87113 0.103133
  1847 35.1786 1.75425 0.0966907
  1848 35.2286 1.87013 0.103078
  1849 35.2786 1.84416 0.101646
  1850 35.3286 1.82118 0.10038
  1851 35.3786 1.81419 0.0999945
  1852 35.4286 1.82817 0.100765
  1853 35.4786 1.82517 0.1006
  1854 35.5286 1.75125 0.0965255
  1855 35.5786 1.81419 0.0999945
  1856 35.6286 1.74126 0.0959749
  1857 35.6786 1.87013 0.103078
  1858 35.7286 1.76024 0.0970211
  1859 35.7786 1.77023 0.0975717
  1860 35.8286 1.85514 0.102252
  1861 35.8786 1.81918 0.10027
  1862 35.9286 1.72328 0.0949837
  1863 35.9786 1.84515 0.101701
  1864 36.0286 1.80619 0.099554
  1865 36.0786 1.80819 0.0996641
  1866 36.1286 1.83117 0.100931
  1867 36.1786 1.84615 0.101756
  1868 36.2286 1.75325 0.0966356
  1869 36.2786 1.81618 0.100105
  1870 36.3286 1.83716 0.101261
  1871 36.3786 1.77822 0.0980122
  1872 36.4286 1.9031 0.104895
  1873 36.4786 1.78322 0.0982875
  1874 36.5286 1.91708 0.105666
  1875 36.5786 1.8012 0.0992786
  1876 36.6286 1.85814 0.102417
  1877 36.6786 1.83017 0.100875
  1878 36.7286 1.78921 0.0986179
  1879 36.7786 1.87113 0.103133
  1880 36.8286 1.82717 0.10071
  1881 36.8786 1.82617 0.100655
  1882 36.9286 1.7992 0.0991685
  1883 36.9786 1.77023 0.0975717
  1884 37.0286 1.76723 0.0974065
  1885 37.0786 1.74725 0.0963052
  1886 37.1286 1.79021 0.0986729
  1887 37.1786 1.77123 0.0976268
  1888 37.2286 1.77223 0.0976818
  1889 37.2786 1.75724 0.0968559
  1890 37.3286 1.77423 0.0977919
  1891 37.3786 1.8042 0.0994438
  1892 37.4286 1.67832 0.0925059
  1893 37.4786 1.79021 0.0986729
  1894 37.5286 1.72028 0.0948185
  1895 37.5786 1.76224 0.0971312
  1896 37.6286 1.74326 0.096085
  1897 37.6786 1.73127 0.0954242
  1898 37.7286 1.78322 0.0982875
  1899 37.7786 1.69231 0.0932768
  1900 37.8286 1.74226 0.0960299
  1901 37.8786 1.67732 0.0924508
  1902 37.9286 1.67133 0.0921204
  1903 37.9786 1.73027 0.0953692
  1904 38.0286 1.72428 0.0950388
  1905 38.0786 1.80719 0.099609
  1906 38.1286 1.74426 0.09614
  1907 38.1786 1.70829 0.0941578
  1908 38.2286 1.67632 0.0923958
  1909 38.2786 1.64336 0.0905787
  1910 38.3286 1.60839 0.0886515
  1911 38.3786 1.74925 0.0964154
  1912 38.4286 1.67333 0.0922306
  1913 38.4786 1.68831 0.0930565
  1914 38.5286 1.76124 0.0970761
  1915 38.5786 1.80719 0.099609
  1916 38.6286 1.76424 0.0972413
  1917 38.6786 1.77522 0.097847
  1918 38.7286 1.68931 0.0931116
  1919 38.7786 1.70729 0.0941027
  1920 38.8286 1.70929 0.0942128
  1921 38.8786 1.75425 0.0966907
  1922 38.9286 1.68432 0.0928363
  1923 38.9786 1.68432 0.0928363
  1924 39.0286 1.65534 0.0912394
  1925 39.0786 1.67932 0.092561
  1926 39.1286 1.72827 0.095259
  1927 39.1786 1.63736 0.0902483
  1928 39.2286 1.75724 0.0968559
  1929 39.2786 1.68531 0.0928913
  1930 39.3286 1.74226 0.0960299
  1931 39.3786 1.68132 0.0926711
  1932 39.4286 1.70729 0.0941027
  1933 39.4786 1.70929 0.0942128
  1934 39.5286 1.69131 0.0932217
  1935 39.5786 1.68931 0.0931116
  1936 39.6286 1.67333 0.0922306
  1937 39.6786 1.72527 0.0950939
  1938 39.7286 1.72527 0.0950939
  1939 39.7786 1.69231 0.0932768
  1940 39.8286 1.75425 0.0966907
  1941 39.8786 1.68731 0.0930015
  1942 39.9286 1.73626 0.0956995
  1943 39.9786 1.73327 0.0955344
  1944 40.0286 1.68931 0.0931116
  1945 40.0786 1.71628 0.0945983
  1946 40.1286 1.67233 0.0921755
  1947 40.1786 1.71029 0.0942679
  1948 40.2286 1.63636 0.0901932
  1949 40.2786 1.71429 0.0944882
  1950 40.3286 1.68731 0.0930015
  1951 40.3786 1.63437 0.0900831
  1952 40.4286 1.68931 0.0931116
  1953 40.4786 1.63836 0.0903034
  1954 40.5286 1.69131 0.0932217
  1955 40.5786 1.61938 0.0892572
  1956 40.6286 1.63137 0.0899179
  1957 40.6786 1.65634 0.0912945
  1958 40.7286 1.58841 0.0875502
  1959 40.7786 1.66833 0.0919553
  1960 40.8286 1.68432 0.0928363
  1961 40.8786 1.63337 0.0900281
  1962 40.9286 1.65135 0.0910192
  1963 40.9786 1.64236 0.0905236
  1964 41.0286 1.63137 0.0899179
  1965 41.0786 1.59441 0.0878806
  1966 41.1286 1.64036 0.0904135
  1967 41.1786 1.62837 0.0897527
  1968 41.2286 1.58641 0.0874401
  1969 41.2786 1.58042 0.0871097
  1970 41.3286 1.67033 0.0920654
  1971 41.3786 1.55744 0.0858433
  1972 41.4286 1.64835 0.090854
  1973 41.4786 1.6953 0.093442
  1974 41.5286 1.68032 0.092616
  1975 41.5786 1.70729 0.0941027
  1976 41.6286 1.61139 0.0888167
  1977 41.6786 1.67233 0.0921755
  1978 41.7286 1.64236 0.0905236
  1979 41.7786 1.59141 0.0877154
  1980 41.8286 1.55944 0.0859534
  1981 41.8786 1.65135 0.0910192
  1982 41.9286 1.6044 0.0884312
  1983 41.9786 1.60639 0.0885414
  1984 42.0286 1.6024 0.0883211
  1985 42.0786 1.63137 0.0899179
  1986 42.1286 1.62737 0.0896977
  1987 42.1786 1.64935 0.0909091
  1988 42.2286 1.57942 0.0870546
  1989 42.2786 1.65435 0.0911844
  1990 42.3286 1.68132 0.0926711
  1991 42.3786 1.5974 0.0880458
  1992 42.4286 1.54545 0.0851825
  1993 42.4786 1.61239 0.0888717
  1994 42.5286 1.55744 0.0858433
  1995 42.5786 1.64935 0.0909091
  1996 42.6286 1.71928 0.0947635
  1997 42.6786 1.73427 0.0955894
  1998 42.7286 1.62637 0.0896426
  1999 42.7786 1.60839 0.0886515
  2000 42.8286 1.58641 0.0874401
  2001 42.8786 1.57842 0.0869996
  2002 42.9286 1.57542 0.0868344
  2003 42.9786 1.61439 0.0889819
  2004 43.0286 1.54845 0.0853477
  2005 43.0786 1.59141 0.0877154
  2006 43.1286 1.62238 0.0894224
  2007 43.1786 1.56743 0.0863939
  2008 43.2286 1.6034 0.0883762
  2009 43.2786 1.61139 0.0888167
  2010 43.3286 1.55844 0.0858983
  2011 43.3786 1.63037 0.0898629
  2012 43.4286 1.57343 0.0867243
  2013 43.4786 1.58042 0.0871097
  2014 43.5286 1.5964 0.0879907
  2015 43.5786 1.57542 0.0868344
  2016 43.6286 1.62038 0.0893122
  2017 43.6786 1.62338 0.0894774
  2018 43.7286 1.64236 0.0905236
  2019 43.7786 1.63736 0.0902483
  2020 43.8286 1.63936 0.0903584
  2021 43.8786 1.67433 0.0922856
  2022 43.9286 1.65634 0.0912945
  2023 43.9786 1.6044 0.0884312
  2024 44.0286 1.57343 0.0867243
  2025 44.0786 1.55045 0.0854578
  2026 44.1286 1.6014 0.088266
  2027 44.1786 1.55245 0.0855679
  2028 44.2286 1.62038 0.0893122
  2029 44.2786 1.63337 0.0900281
  2030 44.3286 1.64336 0.0905787
  2031 44.3786 1.63536 0.0901382
  2032 44.4286 1.60539 0.0884863
  2033 44.4786 1.5994 0.0881559
  2034 44.5286 1.64136 0.0904686
  2035 44.5786 1.64036 0.0904135
  2036 44.6286 1.54146 0.0849623
  2037 44.6786 1.57942 0.0870546
  2038 44.7286 1.54346 0.0850724
  2039 44.7786 1.60839 0.0886515
  2040 44.8286 1.51648 0.0835857
  2041 44.8786 1.55844 0.0858983
  2042 44.9286 1.65934 0.0914597
  2043 44.9786 1.56444 0.0862287
  2044 45.0286 1.66633 0.0918451
  2045 45.0786 1.58641 0.0874401
  2046 45.1286 1.69031 0.0931666
  2047 45.1786 1.6024 0.0883211
  2048 45.2286 1.51848 0.0836958
  2049 45.2786 1.63836 0.0903034
  2050 45.3286 1.56244 0.0861186
  2051 45.3786 1.58242 0.0872198
  2052 45.4286 1.61938 0.0892572
  2053 45.4786 1.60839 0.0886515
  2054 45.5286 1.64635 0.0907439
  2055 45.5786 1.65734 0.0913496
  2056 45.6286 1.57742 0.0869445
  2057 45.6786 1.63337 0.0900281
  2058 45.7286 1.62438 0.0895325
  2059 45.7786 1.58841 0.0875502
  2060 45.8286 1.54945 0.0854028
  2061 45.8786 1.56543 0.0862838
  2062 45.9286 1.46154 0.0805572
  2063 45.9786 1.61139 0.0888167
  2064 46.0286 1.61738 0.089147
  2065 46.0786 1.50749 0.0830901
  2066 46.1286 1.55045 0.0854578
  2067 46.1786 1.52248 0.0839161
  2068 46.2286 1.5015 0.0827597
  2069 46.2786 1.5035 0.0828699
  2070 46.3286 1.53946 0.0848521
  2071 46.3786 1.55145 0.0855129
  2072 46.4286 1.44855 0.0798414
  2073 46.4786 1.49051 0.082154
  2074 46.5286 1.48751 0.0819889
  2075 46.5786 1.48452 0.0818237
  2076 46.6286 1.4985 0.0825945
  2077 46.6786 1.55445 0.0856781
  2078 46.7286 1.48951 0.082099
  2079 46.7786 1.53746 0.084742
  2080 46.8286 1.56643 0.0863388
  2081 46.8786 1.55744 0.0858433
  2082 46.9286 1.53347 0.0845217
  2083 46.9786 1.58541 0.087385
  2084 47.0286 1.6004 0.088211
  2085 47.0786 1.52747 0.0841914
  2086 47.1286 1.54945 0.0854028
  2087 47.1786 1.56144 0.0860635
  2088 47.2286 1.52847 0.0842464
  2089 47.2786 1.55445 0.0856781
  2090 47.3286 1.49351 0.0823192
  2091 47.3786 1.56144 0.0860635
  2092 47.4286 1.53746 0.084742
  2093 47.4786 1.53147 0.0844116
  2094 47.5286 1.45455 0.0801718
  2095 47.5786 1.55145 0.0855129
  2096 47.6286 1.55345 0.085623
  2097 47.6786 1.57143 0.0866141
  2098 47.7286 1.5015 0.0827597
  2099 47.7786 1.52947 0.0843015
  2100 47.8286 1.47752 0.0814382
  2101 47.8786 1.57343 0.0867243
  2102 47.9286 1.55045 0.0854578
  2103 47.9786 1.48352 0.0817686
  2104 48.0286 1.52448 0.0840262
  2105 48.0786 1.5005 0.0827047
  2106 48.1286 1.53946 0.0848521
  2107 48.1786 1.45255 0.0800616
  2108 48.2286 1.54146 0.0849623
  2109 48.2786 1.53147 0.0844116
  2110 48.3286 1.51349 0.0834205
  2111 48.3786 1.55145 0.0855129
  2112 48.4286 1.47952 0.0815483
  2113 48.4786 1.48551 0.0818787
  2114 48.5286 1.4985 0.0825945
  2115 48.5786 1.41359 0.0779142
  2116 48.6286 1.59241 0.0877705
  2117 48.6786 1.47253 0.0811629
  2118 48.7286 1.57642 0.0868895
  2119 48.7786 1.47453 0.081273
  2120 48.8286 1.48252 0.0817135
  2121 48.8786 1.51648 0.0835857
  2122 48.9286 1.61838 0.0892021
  2123 48.9786 1.54346 0.0850724
  2124 49.0286 1.53147 0.0844116
  2125 49.0786 1.49251 0.0822642
  2126 49.1286 1.49051 0.082154
  2127 49.1786 1.55445 0.0856781
  2128 49.2286 1.52048 0.0838059
  2129 49.2786 1.53047 0.0843566
  2130 49.3286 1.5025 0.0828148
  2131 49.3786 1.50749 0.0830901
  2132 49.4286 1.47253 0.0811629
  2133 49.4786 1.51548 0.0835306
  2134 49.5286 1.53646 0.0846869
  2135 49.5786 1.48651 0.0819338
  2136 49.6286 1.54845 0.0853477
  2137 49.6786 1.53746 0.084742
  2138 49.7286 1.45155 0.0800066
  2139 49.7786 1.5035 0.0828699
  2140 49.8286 1.46054 0.0805021
  2141 49.8786 1.42557 0.0785749
  2142 49.9286 1.46354 0.0806673
  2143 49.9786 1.45255 0.0800616
  2144 50.0286 1.42657 0.07863
  2145 50.0786 1.47752 0.0814382
  2146 50.1286 1.47952 0.0815483
  2147 50.1786 1.47153 0.0811078
  2148 50.2286 1.51249 0.0833654
  2149 50.2786 1.51648 0.0835857
  2150 50.3286 1.49151 0.0822091
  2151 50.3786 1.43756 0.0792357
  2152 50.4286 1.45854 0.080392
  2153 50.4786 1.47952 0.0815483
  2154 50.5286 1.47852 0.0814933
  2155 50.5786 1.45754 0.080337
  2156 50.6286 1.50549 0.08298
  2157 50.6786 1.54745 0.0852926
  2158 50.7286 1.48152 0.0816585
  2159 50.7786 1.4995 0.0826496
  2160 50.8286 1.54745 0.0852926
  2161 50.8786 1.46254 0.0806123
  2162 50.9286 1.40559 0.0774737
  2163 50.9786 1.44555 0.0796762
  2164 51.0286 1.43357 0.0790154
  2165 51.0786 1.40959 0.0776939
  2166 51.1286 1.4046 0.0774186
  2167 51.1786 1.49051 0.082154
  2168 51.2286 1.43057 0.0788503
  2169 51.2786 1.38761 0.0764825
  2170 51.3286 1.41159 0.0778041
  2171 51.3786 1.43257 0.0789604
  2172 51.4286 1.4965 0.0824844
  2173 51.4786 1.45554 0.0802268
  2174 51.5286 1.41159 0.0778041
  2175 51.5786 1.43057 0.0788503
  2176 51.6286 1.45554 0.0802268
  2177 51.6786 1.46254 0.0806123
  2178 51.7286 1.49251 0.0822642
  2179 51.7786 1.42857 0.0787401
  2180 51.8286 1.5025 0.0828148
  2181 51.8786 1.44655 0.0797313
  2182 51.9286 1.48851 0.0820439
  2183 51.9786 1.4975 0.0825395
  2184 52.0286 1.49251 0.0822642
  2185 52.0786 1.4975 0.0825395
  2186 52.1286 1.53746 0.084742
  2187 52.1786 1.51648 0.0835857
  2188 52.2286 1.3996 0.0771433
  2189 52.2786 1.51349 0.0834205
  2190 52.3286 1.46953 0.0809977
  2191 52.3786 1.4985 0.0825945
  2192 52.4286 1.42857 0.0787401
  2193 52.4786 1.39061 0.0766477
  2194 52.5286 1.47552 0.0813281
  2195 52.5786 1.44356 0.0795661
  2196 52.6286 1.43956 0.0793458
  2197 52.6786 1.40659 0.0775287
  2198 52.7286 1.36863 0.0754363
  2199 52.7786 1.46553 0.0807775
  2200 52.8286 1.45854 0.080392
  2201 52.8786 1.48152 0.0816585
  2202 52.9286 1.51049 0.0832553
  2203 52.9786 1.47153 0.0811078
  2204 53.0286 1.45954 0.0804471
  2205 53.0786 1.43656 0.0791806
  2206 53.1286 1.42857 0.0787401
  2207 53.1786 1.49051 0.082154
  2208 53.2286 1.41259 0.0778591
  2209 53.2786 1.45155 0.0800066
  2210 53.3286 1.46953 0.0809977
  2211 53.3786 1.42557 0.0785749
  2212 53.4286 1.51548 0.0835306
  2213 53.4786 1.42857 0.0787401
  2214 53.5286 1.44156 0.079456
  2215 53.5786 1.48152 0.0816585
  2216 53.6286 1.41359 0.0779142
  2217 53.6786 1.54046 0.0849072
  2218 53.7286 1.44755 0.0797863
  2219 53.7786 1.41758 0.0781344
  2220 53.8286 1.42058 0.0782996
  2221 53.8786 1.5015 0.0827597
  2222 53.9286 1.44555 0.0796762
  2223 53.9786 1.42358 0.0784648
  2224 54.0286 1.52547 0.0840812
  2225 54.0786 1.37562 0.0758218
  2226 54.1286 1.40859 0.0776389
  2227 54.1786 1.37263 0.0756566
  2228 54.2286 1.41459 0.0779692
  2229 54.2786 1.47852 0.0814933
  2230 54.3286 1.4016 0.0772534
  2231 54.3786 1.46753 0.0808876
  2232 54.4286 1.39461 0.076868
  2233 54.4786 1.36064 0.0749958
  2234 54.5286 1.4016 0.0772534
  2235 54.5786 1.39161 0.0767028
  2236 54.6286 1.34366 0.0740598
  2237 54.6786 1.44156 0.079456
  2238 54.7286 1.44655 0.0797313
  2239 54.7786 1.47652 0.0813832
  2240 54.8286 1.40959 0.0776939
  2241 54.8786 1.38861 0.0765376
  2242 54.9286 1.42757 0.0786851
  2243 54.9786 1.49051 0.082154
  2244 55.0286 1.38362 0.0762623
  2245 55.0786 1.3996 0.0771433
  2246 55.1286 1.39161 0.0767028
  2247 55.1786 1.3986 0.0770882
  2248 55.2286 1.45255 0.0800616
  2249 55.2786 1.44456 0.0796211
  2250 55.3286 1.44655 0.0797313
  2251 55.3786 1.40759 0.0775838
  2252 55.4286 1.43457 0.0790705
  2253 55.4786 1.41958 0.0782446
  2254 55.5286 1.40859 0.0776389
  2255 55.5786 1.37762 0.0759319
  2256 55.6286 1.45455 0.0801718
  2257 55.6786 1.38462 0.0763174
  2258 55.7286 1.46454 0.0807224
  2259 55.7786 1.43357 0.0790154
  2260 55.8286 1.43556 0.0791256
  2261 55.8786 1.43357 0.0790154
  2262 55.9286 1.40559 0.0774737
  2263 55.9786 1.41658 0.0780794
  2264 56.0286 1.38661 0.0764275
  2265 56.0786 1.40559 0.0774737
  2266 56.1286 1.4006 0.0771984
  2267 56.1786 1.42158 0.0783547
  2268 56.2286 1.43756 0.0792357
  2269 56.2786 1.35365 0.0746104
  2270 56.3286 1.42058 0.0782996
  2271 56.3786 1.33067 0.073344
  2272 56.4286 1.31868 0.0726832
  2273 56.4786 1.37762 0.0759319
  2274 56.5286 1.33267 0.0734541
  2275 56.5786 1.33866 0.0737845
  2276 56.6286 1.39061 0.0766477
  2277 56.6786 1.38462 0.0763174
  2278 56.7286 1.32268 0.0729035
  2279 56.7786 1.42358 0.0784648
  2280 56.8286 1.35165 0.0745003
  2281 56.8786 1.4036 0.0773636
  2282 56.9286 1.34765 0.07428
  2283 56.9786 1.3996 0.0771433
  2284 57.0286 1.41359 0.0779142
  2285 57.0786 1.44456 0.0796211
  2286 57.1286 1.16683 0.0643136
