# Chunk-averaged data for fix avDen and group all
# Timestep Number-of-chunks Total-count
# Chunk Coord1 Ncount density/number
100000 2286 8360352
  1 -57.1214 1.57443 0.0867793
  2 -57.0714 1.67033 0.0920654
  3 -57.0214 1.65734 0.0913496
  4 -56.9714 1.61339 0.0889268
  5 -56.9214 1.55744 0.0858433
  6 -56.8714 1.59441 0.0878806
  7 -56.8214 1.50849 0.0831452
  8 -56.7714 1.55844 0.0858983
  9 -56.7214 1.58242 0.0872198
  10 -56.6714 1.47852 0.0814933
  11 -56.6214 1.6004 0.088211
  12 -56.5714 1.64436 0.0906337
  13 -56.5214 1.61738 0.089147
  14 -56.4714 1.62537 0.0895875
  15 -56.4214 1.62038 0.0893122
  16 -56.3714 1.6044 0.0884312
  17 -56.3214 1.6044 0.0884312
  18 -56.2714 1.55345 0.085623
  19 -56.2214 1.61738 0.089147
  20 -56.1714 1.53946 0.0848521
  21 -56.1214 1.58941 0.0876053
  22 -56.0714 1.61838 0.0892021
  23 -56.0214 1.61838 0.0892021
  24 -55.9714 1.61638 0.089092
  25 -55.9214 1.66334 0.0916799
  26 -55.8714 1.65934 0.0914597
  27 -55.8214 1.64935 0.0909091
  28 -55.7714 1.50849 0.0831452
  29 -55.7214 1.54146 0.0849623
  30 -55.6714 1.6004 0.088211
  31 -55.6214 1.58342 0.0872749
  32 -55.5714 1.58741 0.0874952
  33 -55.5214 1.60739 0.0885964
  34 -55.4714 1.63137 0.0899179
  35 -55.4214 1.67433 0.0922856
  36 -55.3714 1.61239 0.0888717
  37 -55.3214 1.57043 0.0865591
  38 -55.2714 1.53546 0.0846319
  39 -55.2214 1.51848 0.0836958
  40 -55.1714 1.58442 0.08733
  41 -55.1214 1.54645 0.0852376
  42 -55.0714 1.51648 0.0835857
  43 -55.0214 1.61239 0.0888717
  44 -54.9714 1.56643 0.0863388
  45 -54.9214 1.58841 0.0875502
  46 -54.8714 1.4955 0.0824294
  47 -54.8214 1.54046 0.0849072
  48 -54.7714 1.60939 0.0887065
  49 -54.7214 1.54146 0.0849623
  50 -54.6714 1.57642 0.0868895
  51 -54.6214 1.58142 0.0871648
  52 -54.5714 1.61139 0.0888167
  53 -54.5214 1.62837 0.0897527
  54 -54.4714 1.56643 0.0863388
  55 -54.4214 1.56444 0.0862287
  56 -54.3714 1.65734 0.0913496
  57 -54.3214 1.66533 0.0917901
  58 -54.2714 1.5994 0.0881559
  59 -54.2214 1.64735 0.0907989
  60 -54.1714 1.60739 0.0885964
  61 -54.1214 1.63137 0.0899179
  62 -54.0714 1.6014 0.088266
  63 -54.0214 1.55844 0.0858983
  64 -53.9714 1.62837 0.0897527
  65 -53.9214 1.64635 0.0907439
  66 -53.8714 1.53746 0.084742
  67 -53.8214 1.69031 0.0931666
  68 -53.7714 1.58442 0.08733
  69 -53.7214 1.56643 0.0863388
  70 -53.6714 1.64136 0.0904686
  71 -53.6214 1.61738 0.089147
  72 -53.5714 1.59041 0.0876603
  73 -53.5214 1.56244 0.0861186
  74 -53.4714 1.53347 0.0845217
  75 -53.4214 1.59241 0.0877705
  76 -53.3714 1.4955 0.0824294
  77 -53.3214 1.48951 0.082099
  78 -53.2714 1.67433 0.0922856
  79 -53.2214 1.56344 0.0861736
  80 -53.1714 1.57942 0.0870546
  81 -53.1214 1.56543 0.0862838
  82 -53.0714 1.56244 0.0861186
  83 -53.0214 1.64036 0.0904135
  84 -52.9714 1.56044 0.0860085
  85 -52.9214 1.62138 0.0893673
  86 -52.8714 1.66933 0.0920103
  87 -52.8214 1.5974 0.0880458
  88 -52.7714 1.54645 0.0852376
  89 -52.7214 1.54645 0.0852376
  90 -52.6714 1.62837 0.0897527
  91 -52.6214 1.54745 0.0852926
  92 -52.5714 1.57243 0.0866692
  93 -52.5214 1.5984 0.0881008
  94 -52.4714 1.6044 0.0884312
  95 -52.4214 1.50949 0.0832002
  96 -52.3714 1.54346 0.0850724
  97 -52.3214 1.54645 0.0852376
  98 -52.2714 1.51349 0.0834205
  99 -52.2214 1.47053 0.0810528
  100 -52.1714 1.53746 0.084742
  101 -52.1214 1.4985 0.0825945
  102 -52.0714 1.57043 0.0865591
  103 -52.0214 1.52048 0.0838059
  104 -51.9714 1.58042 0.0871097
  105 -51.9214 1.54745 0.0852926
  106 -51.8714 1.58142 0.0871648
  107 -51.8214 1.57243 0.0866692
  108 -51.7714 1.57842 0.0869996
  109 -51.7214 1.6004 0.088211
  110 -51.6714 1.66034 0.0915148
  111 -51.6214 1.58242 0.0872198
  112 -51.5714 1.6034 0.0883762
  113 -51.5214 1.59241 0.0877705
  114 -51.4714 1.60839 0.0886515
  115 -51.4214 1.73327 0.0955344
  116 -51.3714 1.66533 0.0917901
  117 -51.3214 1.64336 0.0905787
  118 -51.2714 1.60639 0.0885414
  119 -51.2214 1.60639 0.0885414
  120 -51.1714 1.63137 0.0899179
  121 -51.1214 1.65035 0.0909641
  122 -51.0714 1.57043 0.0865591
  123 -51.0214 1.74226 0.0960299
  124 -50.9714 1.61239 0.0888717
  125 -50.9214 1.60839 0.0886515
  126 -50.8714 1.60739 0.0885964
  127 -50.8214 1.56244 0.0861186
  128 -50.7714 1.61439 0.0889819
  129 -50.7214 1.56144 0.0860635
  130 -50.6714 1.63836 0.0903034
  131 -50.6214 1.59341 0.0878255
  132 -50.5714 1.63337 0.0900281
  133 -50.5214 1.58242 0.0872198
  134 -50.4714 1.68232 0.0927261
  135 -50.4214 1.68332 0.0927812
  136 -50.3714 1.74625 0.0962502
  137 -50.3214 1.64735 0.0907989
  138 -50.2714 1.67233 0.0921755
  139 -50.2214 1.71828 0.0947084
  140 -50.1714 1.62637 0.0896426
  141 -50.1214 1.57343 0.0867243
  142 -50.0714 1.61538 0.0890369
  143 -50.0214 1.73726 0.0957546
  144 -49.9714 1.67732 0.0924508
  145 -49.9214 1.64136 0.0904686
  146 -49.8714 1.71728 0.0946533
  147 -49.8214 1.66434 0.091735
  148 -49.7714 1.62038 0.0893122
  149 -49.7214 1.71429 0.0944882
  150 -49.6714 1.70829 0.0941578
  151 -49.6214 1.6973 0.0935521
  152 -49.5714 1.70629 0.0940477
  153 -49.5214 1.65435 0.0911844
  154 -49.4714 1.64635 0.0907439
  155 -49.4214 1.68432 0.0928363
  156 -49.3714 1.57143 0.0866141
  157 -49.3214 1.64036 0.0904135
  158 -49.2714 1.67133 0.0921204
  159 -49.2214 1.65235 0.0910743
  160 -49.1714 1.60839 0.0886515
  161 -49.1214 1.57942 0.0870546
  162 -49.0714 1.60939 0.0887065
  163 -49.0214 1.55544 0.0857331
  164 -48.9714 1.5984 0.0881008
  165 -48.9214 1.63437 0.0900831
  166 -48.8714 1.59241 0.0877705
  167 -48.8214 1.55544 0.0857331
  168 -48.7714 1.58442 0.08733
  169 -48.7214 1.62438 0.0895325
  170 -48.6714 1.69131 0.0932217
  171 -48.6214 1.59241 0.0877705
  172 -48.5714 1.57542 0.0868344
  173 -48.5214 1.62438 0.0895325
  174 -48.4714 1.68631 0.0929464
  175 -48.4214 1.59141 0.0877154
  176 -48.3714 1.61039 0.0887616
  177 -48.3214 1.6034 0.0883762
  178 -48.2714 1.59341 0.0878255
  179 -48.2214 1.57942 0.0870546
  180 -48.1714 1.53447 0.0845768
  181 -48.1214 1.63636 0.0901932
  182 -48.0714 1.65035 0.0909641
  183 -48.0214 1.67932 0.092561
  184 -47.9714 1.64835 0.090854
  185 -47.9214 1.67433 0.0922856
  186 -47.8714 1.6973 0.0935521
  187 -47.8214 1.62637 0.0896426
  188 -47.7714 1.62038 0.0893122
  189 -47.7214 1.63836 0.0903034
  190 -47.6714 1.62637 0.0896426
  191 -47.6214 1.61039 0.0887616
  192 -47.5714 1.68931 0.0931116
  193 -47.5214 1.67732 0.0924508
  194 -47.4714 1.67033 0.0920654
  195 -47.4214 1.61938 0.0892572
  196 -47.3714 1.64136 0.0904686
  197 -47.3214 1.57742 0.0869445
  198 -47.2714 1.66933 0.0920103
  199 -47.2214 1.58142 0.0871648
  200 -47.1714 1.65934 0.0914597
  201 -47.1214 1.75924 0.096966
  202 -47.0714 1.73626 0.0956995
  203 -47.0214 1.70929 0.0942128
  204 -46.9714 1.74625 0.0962502
  205 -46.9214 1.66533 0.0917901
  206 -46.8714 1.68232 0.0927261
  207 -46.8214 1.67333 0.0922306
  208 -46.7714 1.67333 0.0922306
  209 -46.7214 1.78322 0.0982875
  210 -46.6714 1.7023 0.0938274
  211 -46.6214 1.69231 0.0932768
  212 -46.5714 1.82817 0.100765
  213 -46.5214 1.68032 0.092616
  214 -46.4714 1.75125 0.0965255
  215 -46.4214 1.73427 0.0955894
  216 -46.3714 1.70629 0.0940477
  217 -46.3214 1.72927 0.0953141
  218 -46.2714 1.71928 0.0947635
  219 -46.2214 1.69431 0.0933869
  220 -46.1714 1.7043 0.0939375
  221 -46.1214 1.70629 0.0940477
  222 -46.0714 1.63636 0.0901932
  223 -46.0214 1.74326 0.096085
  224 -45.9714 1.68831 0.0930565
  225 -45.9214 1.6993 0.0936622
  226 -45.8714 1.66733 0.0919002
  227 -45.8214 1.75025 0.0964704
  228 -45.7714 1.7043 0.0939375
  229 -45.7214 1.71329 0.0944331
  230 -45.6714 1.71229 0.094378
  231 -45.6214 1.72727 0.095204
  232 -45.5714 1.74725 0.0963052
  233 -45.5214 1.69331 0.0933318
  234 -45.4714 1.68531 0.0928913
  235 -45.4214 1.68931 0.0931116
  236 -45.3714 1.76124 0.0970761
  237 -45.3214 1.74825 0.0963603
  238 -45.2714 1.75025 0.0964704
  239 -45.2214 1.71329 0.0944331
  240 -45.1714 1.79021 0.0986729
  241 -45.1214 1.76424 0.0972413
  242 -45.0714 1.70729 0.0941027
  243 -45.0214 1.67532 0.0923407
  244 -44.9714 1.65335 0.0911293
  245 -44.9214 1.61938 0.0892572
  246 -44.8714 1.67333 0.0922306
  247 -44.8214 1.69431 0.0933869
  248 -44.7714 1.68032 0.092616
  249 -44.7214 1.6963 0.093497
  250 -44.6714 1.6993 0.0936622
  251 -44.6214 1.7003 0.0937173
  252 -44.5714 1.74126 0.0959749
  253 -44.5214 1.65934 0.0914597
  254 -44.4714 1.67532 0.0923407
  255 -44.4214 1.59341 0.0878255
  256 -44.3714 1.65634 0.0912945
  257 -44.3214 1.67632 0.0923958
  258 -44.2714 1.68032 0.092616
  259 -44.2214 1.64336 0.0905787
  260 -44.1714 1.68332 0.0927812
  261 -44.1214 1.72328 0.0949837
  262 -44.0714 1.62937 0.0898078
  263 -44.0214 1.68531 0.0928913
  264 -43.9714 1.72028 0.0948185
  265 -43.9214 1.7003 0.0937173
  266 -43.8714 1.72727 0.095204
  267 -43.8214 1.69231 0.0932768
  268 -43.7714 1.76324 0.0971862
  269 -43.7214 1.73526 0.0956445
  270 -43.6714 1.82418 0.100545
  271 -43.6214 1.72128 0.0948736
  272 -43.5714 1.77423 0.0977919
  273 -43.5214 1.7023 0.0938274
  274 -43.4714 1.74326 0.096085
  275 -43.4214 1.76424 0.0972413
  276 -43.3714 1.76324 0.0971862
  277 -43.3214 1.6983 0.0936071
  278 -43.2714 1.85215 0.102087
  279 -43.2214 1.66533 0.0917901
  280 -43.1714 1.72927 0.0953141
  281 -43.1214 1.84116 0.101481
  282 -43.0714 1.79221 0.0987831
  283 -43.0214 1.77822 0.0980122
  284 -42.9714 1.74426 0.09614
  285 -42.9214 1.83017 0.100875
  286 -42.8714 1.7952 0.0989483
  287 -42.8214 1.85514 0.102252
  288 -42.7714 1.81119 0.0998293
  289 -42.7214 1.73327 0.0955344
  290 -42.6714 1.78222 0.0982324
  291 -42.6214 1.73626 0.0956995
  292 -42.5714 1.77023 0.0975717
  293 -42.5214 1.76523 0.0972964
  294 -42.4714 1.74925 0.0964154
  295 -42.4214 1.79021 0.0986729
  296 -42.3714 1.82018 0.100325
  297 -42.3214 1.77323 0.0977369
  298 -42.2714 1.83516 0.101151
  299 -42.2214 1.80919 0.0997191
  300 -42.1714 1.80819 0.0996641
  301 -42.1214 1.84715 0.101812
  302 -42.0714 1.8032 0.0993888
  303 -42.0214 1.92308 0.105996
  304 -41.9714 1.84416 0.101646
  305 -41.9214 1.84715 0.101812
  306 -41.8714 1.83616 0.101206
  307 -41.8214 1.84016 0.101426
  308 -41.7714 1.85814 0.102417
  309 -41.7214 1.83616 0.101206
  310 -41.6714 1.88412 0.103849
  311 -41.6214 1.87313 0.103243
  312 -41.5714 1.80519 0.0994989
  313 -41.5214 1.79321 0.0988381
  314 -41.4714 1.78721 0.0985078
  315 -41.4214 1.83417 0.101096
  316 -41.3714 1.7962 0.0990033
  317 -41.3214 1.91009 0.105281
  318 -41.2714 1.83117 0.100931
  319 -41.2214 1.78521 0.0983976
  320 -41.1714 1.82917 0.10082
  321 -41.1214 1.83217 0.100986
  322 -41.0714 1.87113 0.103133
  323 -41.0214 1.77423 0.0977919
  324 -40.9714 1.85614 0.102307
  325 -40.9214 1.77123 0.0976268
  326 -40.8714 1.81518 0.10005
  327 -40.8214 1.81618 0.100105
  328 -40.7714 1.82118 0.10038
  329 -40.7214 1.78721 0.0985078
  330 -40.6714 1.81419 0.0999945
  331 -40.6214 1.85415 0.102197
  332 -40.5714 1.83916 0.101371
  333 -40.5214 1.84515 0.101701
  334 -40.4714 1.87013 0.103078
  335 -40.4214 1.84016 0.101426
  336 -40.3714 1.85714 0.102362
  337 -40.3214 1.83417 0.101096
  338 -40.2714 1.84615 0.101756
  339 -40.2214 1.82218 0.100435
  340 -40.1714 1.77423 0.0977919
  341 -40.1214 1.76424 0.0972413
  342 -40.0714 1.83916 0.101371
  343 -40.0214 1.82218 0.100435
  344 -39.9714 1.82018 0.100325
  345 -39.9214 1.80919 0.0997191
  346 -39.8714 1.6963 0.093497
  347 -39.8214 1.78222 0.0982324
  348 -39.7714 1.7992 0.0991685
  349 -39.7214 1.82717 0.10071
  350 -39.6714 1.87512 0.103353
  351 -39.6214 1.80719 0.099609
  352 -39.5714 1.8971 0.104565
  353 -39.5214 1.81319 0.0999394
  354 -39.4714 1.83616 0.101206
  355 -39.4214 1.8042 0.0994438
  356 -39.3714 1.88112 0.103684
  357 -39.3214 1.84116 0.101481
  358 -39.2714 1.77822 0.0980122
  359 -39.2214 1.90609 0.10506
  360 -39.1714 1.80719 0.099609
  361 -39.1214 1.9011 0.104785
  362 -39.0714 1.82917 0.10082
  363 -39.0214 1.84216 0.101536
  364 -38.9714 1.85115 0.102032
  365 -38.9214 1.8032 0.0993888
  366 -38.8714 1.87512 0.103353
  367 -38.8214 1.81618 0.100105
  368 -38.7714 1.87313 0.103243
  369 -38.7214 1.87013 0.103078
  370 -38.6714 1.87213 0.103188
  371 -38.6214 1.7962 0.0990033
  372 -38.5714 1.92108 0.105886
  373 -38.5214 1.88511 0.103904
  374 -38.4714 1.87313 0.103243
  375 -38.4214 1.87812 0.103518
  376 -38.3714 1.9041 0.10495
  377 -38.3214 1.84615 0.101756
  378 -38.2714 1.8971 0.104565
  379 -38.2214 1.7982 0.0991135
  380 -38.1714 1.85514 0.102252
  381 -38.1214 1.89411 0.1044
  382 -38.0714 1.89011 0.104179
  383 -38.0214 1.83317 0.101041
  384 -37.9714 1.8951 0.104455
  385 -37.9214 1.87512 0.103353
  386 -37.8714 1.92807 0.106272
  387 -37.8214 1.87113 0.103133
  388 -37.7714 1.91209 0.105391
  389 -37.7214 1.95205 0.107593
  390 -37.6714 1.93107 0.106437
  391 -37.6214 1.93906 0.106877
  392 -37.5714 1.93407 0.106602
  393 -37.5214 1.93407 0.106602
  394 -37.4714 1.90709 0.105115
  395 -37.4214 1.87512 0.103353
  396 -37.3714 1.94505 0.107208
  397 -37.3214 1.88811 0.104069
  398 -37.2714 1.84316 0.101591
  399 -37.2214 1.92408 0.106051
  400 -37.1714 1.91908 0.105776
  401 -37.1214 1.9031 0.104895
  402 -37.0714 1.90509 0.105005
  403 -37.0214 1.86414 0.102748
  404 -36.9714 1.88611 0.103959
  405 -36.9214 1.83417 0.101096
  406 -36.8714 1.86813 0.102968
  407 -36.8214 1.91109 0.105336
  408 -36.7714 1.9041 0.10495
  409 -36.7214 1.997 0.110071
  410 -36.6714 1.96104 0.108089
  411 -36.6214 1.98901 0.10963
  412 -36.5714 1.91009 0.105281
  413 -36.5214 2.01399 0.111007
  414 -36.4714 2.00599 0.110567
  415 -36.4214 1.92807 0.106272
  416 -36.3714 1.99001 0.109686
  417 -36.3214 2.03497 0.112163
  418 -36.2714 1.90509 0.105005
  419 -36.2214 1.92507 0.106106
  420 -36.1714 1.93307 0.106547
  421 -36.1214 1.96503 0.108309
  422 -36.0714 1.91608 0.105611
  423 -36.0214 1.98601 0.109465
  424 -35.9714 1.92308 0.105996
  425 -35.9214 1.95804 0.107924
  426 -35.8714 1.87812 0.103518
  427 -35.8214 2.04795 0.112879
  428 -35.7714 2.01698 0.111172
  429 -35.7214 1.98701 0.10952
  430 -35.6714 2.02897 0.111833
  431 -35.6214 2.05095 0.113044
  432 -35.5714 2.00799 0.110677
  433 -35.5214 2.01099 0.110842
  434 -35.4714 1.998 0.110126
  435 -35.4214 2.01998 0.111337
  436 -35.3714 2.00899 0.110732
  437 -35.3214 1.94805 0.107373
  438 -35.2714 1.98801 0.109575
  439 -35.2214 1.92208 0.105941
  440 -35.1714 1.92408 0.106051
  441 -35.1214 2.03397 0.112108
  442 -35.0714 2.00799 0.110677
  443 -35.0214 1.999 0.110181
  444 -34.9714 2.02398 0.111558
  445 -34.9214 1.93107 0.106437
  446 -34.8714 2.01499 0.111062
  447 -34.8214 1.999 0.110181
  448 -34.7714 2.04096 0.112494
  449 -34.7214 2.03896 0.112384
  450 -34.6714 2.08092 0.114696
  451 -34.6214 1.998 0.110126
  452 -34.5714 2.01698 0.111172
  453 -34.5214 1.95105 0.107538
  454 -34.4714 2.004 0.110456
  455 -34.4214 2.0989 0.115687
  456 -34.3714 2.02597 0.111668
  457 -34.3214 1.95305 0.107648
  458 -34.2714 2.00899 0.110732
  459 -34.2214 2.04595 0.112769
  460 -34.1714 1.95704 0.107868
  461 -34.1214 2.003 0.110401
  462 -34.0714 2.02198 0.111448
  463 -34.0214 2.06394 0.11376
  464 -33.9714 1.97203 0.108694
  465 -33.9214 2.01199 0.110897
  466 -33.8714 1.96204 0.108144
  467 -33.8214 2.03097 0.111943
  468 -33.7714 2.02098 0.111393
  469 -33.7214 2.03097 0.111943
  470 -33.6714 2.1049 0.116018
  471 -33.6214 2.05994 0.11354
  472 -33.5714 2.08492 0.114917
  473 -33.5214 2.001 0.110291
  474 -33.4714 2.12587 0.117174
  475 -33.4214 2.05295 0.113155
  476 -33.3714 2.06693 0.113925
  477 -33.3214 2.05395 0.11321
  478 -33.2714 2.16583 0.119377
  479 -33.2214 2.11089 0.116348
  480 -33.1714 2.04296 0.112604
  481 -33.1214 2.11389 0.116513
  482 -33.0714 2.04396 0.112659
  483 -33.0214 2.14186 0.118055
  484 -32.9714 2.07792 0.114531
  485 -32.9214 2.07992 0.114641
  486 -32.8714 2.02897 0.111833
  487 -32.8214 2.01399 0.111007
  488 -32.7714 2.04595 0.112769
  489 -32.7214 2.02697 0.111723
  490 -32.6714 1.98402 0.109355
  491 -32.6214 2.06194 0.11365
  492 -32.5714 2.01598 0.111117
  493 -32.5214 2.12388 0.117064
  494 -32.4714 2.11888 0.116789
  495 -32.4214 2.06893 0.114036
  496 -32.3714 2.02498 0.111613
  497 -32.3214 2.02098 0.111393
  498 -32.2714 2.10789 0.116183
  499 -32.2214 2.12288 0.117009
  500 -32.1714 2.15085 0.118551
  501 -32.1214 2.14785 0.118386
  502 -32.0714 2.08591 0.114972
  503 -32.0214 2.06693 0.113925
  504 -31.9714 2.0979 0.115632
  505 -31.9214 2.1958 0.121029
  506 -31.8714 2.002 0.110346
  507 -31.8214 2.14486 0.11822
  508 -31.7714 2.08591 0.114972
  509 -31.7214 2.02997 0.111888
  510 -31.6714 2.05794 0.11343
  511 -31.6214 2.05594 0.11332
  512 -31.5714 2.02997 0.111888
  513 -31.5214 2.11588 0.116623
  514 -31.4714 2.08991 0.115192
  515 -31.4214 2.13986 0.117945
  516 -31.3714 2.09291 0.115357
  517 -31.3214 2.13986 0.117945
  518 -31.2714 2.08292 0.114806
  519 -31.2214 2.13886 0.11789
  520 -31.1714 2.17283 0.119762
  521 -31.1214 2.04396 0.112659
  522 -31.0714 2.17582 0.119927
  523 -31.0214 2.1978 0.121139
  524 -30.9714 2.07692 0.114476
  525 -30.9214 2.14785 0.118386
  526 -30.8714 2.13786 0.117835
  527 -30.8214 2.15784 0.118936
  528 -30.7714 2.12388 0.117064
  529 -30.7214 2.18182 0.120258
  530 -30.6714 2.1049 0.116018
  531 -30.6214 2.14785 0.118386
  532 -30.5714 2.10789 0.116183
  533 -30.5214 2.21778 0.12224
  534 -30.4714 2.12388 0.117064
  535 -30.4214 2.16484 0.119322
  536 -30.3714 2.15584 0.118826
  537 -30.3214 2.14086 0.118
  538 -30.2714 2.0989 0.115687
  539 -30.2214 2.13487 0.11767
  540 -30.1714 2.12488 0.117119
  541 -30.1214 2.14685 0.11833
  542 -30.0714 2.2038 0.121469
  543 -30.0214 2.19381 0.120918
  544 -29.9714 2.16683 0.119432
  545 -29.9214 2.15884 0.118991
  546 -29.8714 2.1958 0.121029
  547 -29.8214 2.22877 0.122846
  548 -29.7714 2.18981 0.120698
  549 -29.7214 2.26873 0.125048
  550 -29.6714 2.22677 0.122735
  551 -29.6214 2.24176 0.123561
  552 -29.5714 2.23077 0.122956
  553 -29.5214 2.21978 0.12235
  554 -29.4714 2.18382 0.120368
  555 -29.4214 2.27972 0.125654
  556 -29.3714 2.23277 0.123066
  557 -29.3214 2.1958 0.121029
  558 -29.2714 2.28771 0.126094
  559 -29.2214 2.18482 0.120423
  560 -29.1714 2.22378 0.12257
  561 -29.1214 2.19281 0.120863
  562 -29.0714 2.27772 0.125544
  563 -29.0214 2.23277 0.123066
  564 -28.9714 2.15385 0.118716
  565 -28.9214 2.26873 0.125048
  566 -28.8714 2.27173 0.125213
  567 -28.8214 2.16084 0.119101
  568 -28.7714 2.25275 0.124167
  569 -28.7214 2.17982 0.120148
  570 -28.6714 2.13487 0.11767
  571 -28.6214 2.21179 0.12191
  572 -28.5714 2.2977 0.126645
  573 -28.5214 2.27173 0.125213
  574 -28.4714 2.28971 0.126204
  575 -28.4214 2.1978 0.121139
  576 -28.3714 2.21578 0.12213
  577 -28.3214 2.22777 0.122791
  578 -28.2714 2.27772 0.125544
  579 -28.2214 2.28372 0.125874
  580 -28.1714 2.24875 0.123947
  581 -28.1214 2.34366 0.129178
  582 -28.0714 2.35864 0.130004
  583 -28.0214 2.35165 0.129618
  584 -27.9714 2.32468 0.128132
  585 -27.9214 2.3956 0.132041
  586 -27.8714 2.33566 0.128737
  587 -27.8214 2.37862 0.131105
  588 -27.7714 2.31069 0.127361
  589 -27.7214 2.33966 0.128958
  590 -27.6714 2.42857 0.133858
  591 -27.6214 2.33766 0.128847
  592 -27.5714 2.25574 0.124332
  593 -27.5214 2.41359 0.133032
  594 -27.4714 2.32667 0.128242
  595 -27.4214 2.3976 0.132151
  596 -27.3714 2.50749 0.138208
  597 -27.3214 2.41858 0.133308
  598 -27.2714 2.4026 0.132427
  599 -27.2214 2.42158 0.133473
  600 -27.1714 2.34865 0.129453
  601 -27.1214 2.34366 0.129178
  602 -27.0714 2.39261 0.131876
  603 -27.0214 2.34765 0.129398
  604 -26.9714 2.43157 0.134023
  605 -26.9214 2.4036 0.132482
  606 -26.8714 2.3976 0.132151
  607 -26.8214 2.35764 0.129949
  608 -26.7714 2.36763 0.130499
  609 -26.7214 2.35764 0.129949
  610 -26.6714 2.34565 0.129288
  611 -26.6214 2.2957 0.126535
  612 -26.5714 2.32767 0.128297
  613 -26.5214 2.35864 0.130004
  614 -26.4714 2.36763 0.130499
  615 -26.4214 2.43856 0.134409
  616 -26.3714 2.5005 0.137823
  617 -26.3214 2.38961 0.131711
  618 -26.2714 2.36663 0.130444
  619 -26.2214 2.43556 0.134244
  620 -26.1714 2.53447 0.139695
  621 -26.1214 2.48352 0.136887
  622 -26.0714 2.4006 0.132316
  623 -26.0214 2.48152 0.136777
  624 -25.9714 2.43257 0.134078
  625 -25.9214 2.45654 0.1354
  626 -25.8714 2.44655 0.134849
  627 -25.8214 2.47752 0.136556
  628 -25.7714 2.35265 0.129673
  629 -25.7214 2.5005 0.137823
  630 -25.6714 2.42358 0.133583
  631 -25.6214 2.41858 0.133308
  632 -25.5714 2.48551 0.136997
  633 -25.5214 2.51449 0.138594
  634 -25.4714 2.36064 0.130114
  635 -25.4214 2.60739 0.143715
  636 -25.3714 2.57642 0.142008
  637 -25.3214 2.66334 0.146798
  638 -25.2714 2.58242 0.142338
  639 -25.2214 2.48651 0.137052
  640 -25.1714 2.64136 0.145587
  641 -25.1214 2.53147 0.13953
  642 -25.0714 2.50549 0.138098
  643 -25.0214 2.42857 0.133858
  644 -24.9714 2.52747 0.139309
  645 -24.9214 2.42957 0.133913
  646 -24.8714 2.48352 0.136887
  647 -24.8214 2.39061 0.131766
  648 -24.7714 2.49351 0.137437
  649 -24.7214 2.54745 0.140411
  650 -24.6714 2.47552 0.136446
  651 -24.6214 2.48452 0.136942
  652 -24.5714 2.55644 0.140906
  653 -24.5214 2.55045 0.140576
  654 -24.4714 2.55245 0.140686
  655 -24.4214 2.48352 0.136887
  656 -24.3714 2.50949 0.138318
  657 -24.3214 2.51848 0.138814
  658 -24.2714 2.62438 0.144651
  659 -24.2214 2.53646 0.139805
  660 -24.1714 2.55844 0.141016
  661 -24.1214 2.53347 0.13964
  662 -24.0714 2.5954 0.143054
  663 -24.0214 2.67133 0.147239
  664 -23.9714 2.64635 0.145862
  665 -23.9214 2.54246 0.140135
  666 -23.8714 2.5994 0.143274
  667 -23.8214 2.58342 0.142393
  668 -23.7714 2.62238 0.14454
  669 -23.7214 2.65135 0.146137
  670 -23.6714 2.52647 0.139254
  671 -23.6214 2.58941 0.142723
  672 -23.5714 2.56943 0.141622
  673 -23.5214 2.59341 0.142944
  674 -23.4714 2.48851 0.137162
  675 -23.4214 2.56044 0.141127
  676 -23.3714 2.6014 0.143384
  677 -23.3214 2.66733 0.147018
  678 -23.2714 2.66933 0.147128
  679 -23.2214 2.63137 0.145036
  680 -23.1714 2.63836 0.145421
  681 -23.1214 2.57742 0.142063
  682 -23.0714 2.68531 0.148009
  683 -23.0214 2.64436 0.145752
  684 -22.9714 2.55744 0.140961
  685 -22.9214 2.64935 0.146027
  686 -22.8714 2.64036 0.145532
  687 -22.8214 2.58442 0.142448
  688 -22.7714 2.68531 0.148009
  689 -22.7214 2.62737 0.144816
  690 -22.6714 2.6014 0.143384
  691 -22.6214 2.67732 0.147569
  692 -22.5714 2.7013 0.14889
  693 -22.5214 2.66234 0.146743
  694 -22.4714 2.71828 0.149827
  695 -22.4214 2.65235 0.146192
  696 -22.3714 2.70629 0.149166
  697 -22.3214 2.61339 0.144045
  698 -22.2714 2.71029 0.149386
  699 -22.2214 2.68432 0.147954
  700 -22.1714 2.64436 0.145752
  701 -22.1214 2.8042 0.154562
  702 -22.0714 2.73227 0.150597
  703 -22.0214 2.64635 0.145862
  704 -21.9714 2.74026 0.151038
  705 -21.9214 2.67133 0.147239
  706 -21.8714 2.53447 0.139695
  707 -21.8214 2.65734 0.146468
  708 -21.7714 2.62238 0.14454
  709 -21.7214 2.62238 0.14454
  710 -21.6714 2.66134 0.146688
  711 -21.6214 2.72627 0.150267
  712 -21.5714 2.78222 0.153351
  713 -21.5214 2.81518 0.155168
  714 -21.4714 2.72428 0.150157
  715 -21.4214 2.82817 0.155883
  716 -21.3714 2.78621 0.153571
  717 -21.3214 2.80819 0.154782
  718 -21.2714 2.71528 0.149661
  719 -21.2214 2.82118 0.155498
  720 -21.1714 2.72627 0.150267
  721 -21.1214 2.72328 0.150102
  722 -21.0714 2.76823 0.15258
  723 -21.0214 2.76623 0.15247
  724 -20.9714 2.84016 0.156544
  725 -20.9214 2.7992 0.154287
  726 -20.8714 2.83516 0.156269
  727 -20.8214 3.11289 0.171576
  728 -20.7714 2.8951 0.159573
  729 -20.7214 2.93906 0.161995
  730 -20.6714 2.88711 0.159132
  731 -20.6214 2.85914 0.15759
  732 -20.5714 2.87512 0.158471
  733 -20.5214 2.85814 0.157535
  734 -20.4714 2.83117 0.156049
  735 -20.4214 2.88212 0.158857
  736 -20.3714 2.92707 0.161335
  737 -20.3214 2.88412 0.158967
  738 -20.2714 2.88811 0.159187
  739 -20.2214 2.92008 0.160949
  740 -20.1714 2.9011 0.159903
  741 -20.1214 2.92707 0.161335
  742 -20.0714 2.98701 0.164638
  743 -20.0214 2.93207 0.16161
  744 -19.9714 2.84815 0.156985
  745 -19.9214 2.98501 0.164528
  746 -19.8714 2.96803 0.163592
  747 -19.8214 3.03497 0.167281
  748 -19.7714 3.00999 0.165905
  749 -19.7214 2.99101 0.164859
  750 -19.6714 2.94605 0.162381
  751 -19.6214 2.995 0.165079
  752 -19.5714 2.997 0.165189
  753 -19.5214 3.02398 0.166676
  754 -19.4714 3.11289 0.171576
  755 -19.4214 2.98002 0.164253
  756 -19.3714 3.002 0.165464
  757 -19.3214 3.08791 0.1702
  758 -19.2714 3.02098 0.166511
  759 -19.2214 3.005 0.16563
  760 -19.1714 2.98801 0.164694
  761 -19.1214 3.09391 0.17053
  762 -19.0714 3.02597 0.166786
  763 -19.0214 2.88212 0.158857
  764 -18.9714 2.98402 0.164473
  765 -18.9214 2.99201 0.164914
  766 -18.8714 3.08691 0.170145
  767 -18.8214 3.08791 0.1702
  768 -18.7714 3.17283 0.17488
  769 -18.7214 3 0.165354
  770 -18.6714 3.05495 0.168383
  771 -18.6214 3.07393 0.169429
  772 -18.5714 3.0989 0.170806
  773 -18.5214 3.16484 0.17444
  774 -18.4714 3.14585 0.173393
  775 -18.4214 3.14086 0.173118
  776 -18.3714 3.25275 0.179285
  777 -18.3214 3.15984 0.174164
  778 -18.2714 3.25375 0.17934
  779 -18.2214 3.33866 0.184021
  780 -18.1714 3.22378 0.177688
  781 -18.1214 3.11788 0.171852
  782 -18.0714 3.1978 0.176257
  783 -18.0214 3.23077 0.178074
  784 -17.9714 3.12987 0.172512
  785 -17.9214 3.22977 0.178019
  786 -17.8714 3.18581 0.175596
  787 -17.8214 3.14585 0.173393
  788 -17.7714 3.16384 0.174385
  789 -17.7214 3.17383 0.174935
  790 -17.6714 3.12987 0.172512
  791 -17.6214 3.11788 0.171852
  792 -17.5714 3.19281 0.175981
  793 -17.5214 3.13986 0.173063
  794 -17.4714 3.27972 0.180772
  795 -17.4214 3.22178 0.177578
  796 -17.3714 3.2957 0.181653
  797 -17.3214 3.32967 0.183525
  798 -17.2714 3.29071 0.181378
  799 -17.2214 3.23876 0.178514
  800 -17.1714 3.17483 0.17499
  801 -17.1214 3.17682 0.1751
  802 -17.0714 3.2018 0.176477
  803 -17.0214 3.17383 0.174935
  804 -16.9714 3.26873 0.180166
  805 -16.9214 3.18681 0.175651
  806 -16.8714 3.23576 0.178349
  807 -16.8214 3.28072 0.180827
  808 -16.7714 3.32567 0.183305
  809 -16.7214 3.43556 0.189362
  810 -16.6714 3.29371 0.181543
  811 -16.6214 3.34366 0.184296
  812 -16.5714 3.32368 0.183195
  813 -16.5214 3.34865 0.184571
  814 -16.4714 3.47752 0.191674
  815 -16.4214 3.4026 0.187545
  816 -16.3714 3.48452 0.19206
  817 -16.3214 3.37662 0.186113
  818 -16.2714 3.53746 0.194978
  819 -16.2214 3.42757 0.188921
  820 -16.1714 3.41059 0.187985
  821 -16.1214 3.43856 0.189527
  822 -16.0714 3.45654 0.190518
  823 -16.0214 3.54046 0.195143
  824 -15.9714 3.39161 0.186939
  825 -15.9214 3.47952 0.191785
  826 -15.8714 3.28172 0.180882
  827 -15.8214 3.37662 0.186113
  828 -15.7714 3.4046 0.187655
  829 -15.7214 3.45754 0.190573
  830 -15.6714 3.42957 0.189031
  831 -15.6214 3.46553 0.191014
  832 -15.5714 3.45854 0.190628
  833 -15.5214 3.50949 0.193436
  834 -15.4714 3.48751 0.192225
  835 -15.4214 3.51249 0.193602
  836 -15.3714 3.50949 0.193436
  837 -15.3214 3.55544 0.195969
  838 -15.2714 3.54346 0.195309
  839 -15.2214 3.5994 0.198392
  840 -15.1714 3.53646 0.194923
  841 -15.1214 3.54945 0.195639
  842 -15.0714 3.61139 0.199053
  843 -15.0214 3.56044 0.196245
  844 -14.9714 3.52348 0.194207
  845 -14.9214 3.51249 0.193602
  846 -14.8714 3.47453 0.191509
  847 -14.8214 3.50949 0.193436
  848 -14.7714 3.58042 0.197346
  849 -14.7214 3.48152 0.191895
  850 -14.6714 3.51349 0.193657
  851 -14.6214 3.52148 0.194097
  852 -14.5714 3.52048 0.194042
  853 -14.5214 3.62737 0.199934
  854 -14.4714 3.6004 0.198447
  855 -14.4214 3.58242 0.197456
  856 -14.3714 3.60939 0.198943
  857 -14.3214 3.84715 0.212048
  858 -14.2714 3.81319 0.210176
  859 -14.2214 3.8961 0.214746
  860 -14.1714 3.92008 0.216067
  861 -14.1214 3.92308 0.216233
  862 -14.0714 3.94306 0.217334
  863 -14.0214 3.90809 0.215407
  864 -13.9714 3.87812 0.213755
  865 -13.9214 4.05694 0.223611
  866 -13.8714 3.98302 0.219536
  867 -13.8214 3.85514 0.212488
  868 -13.7714 3.06993 0.169209
  869 -13.7214 2.72627 0.150267
  870 -13.6714 2.46953 0.136116
  871 -13.6214 2.44456 0.134739
  872 -13.5714 2.58941 0.142723
  873 -13.5214 3.17183 0.174825
  874 -13.4714 3.95305 0.217884
  875 -13.4214 4.61738 0.254501
  876 -13.3714 5.06793 0.279335
  877 -13.3214 5.29371 0.291779
  878 -13.2714 4.22378 0.232806
  879 -13.2214 3.80919 0.209955
  880 -13.1714 3.85914 0.212708
  881 -13.1214 4.28571 0.23622
  882 -13.0714 5.23676 0.28864
  883 -13.0214 5.83217 0.321458
  884 -12.9714 6.16583 0.339849
  885 -12.9214 6.33067 0.348934
  886 -12.8714 4.88012 0.268983
  887 -12.8214 4.35265 0.23991
  888 -12.7714 4.48751 0.247343
  889 -12.7214 4.97502 0.274214
  890 -12.6714 5.85514 0.322724
  891 -12.6214 7.45954 0.411156
  892 -12.5714 8.9011 0.490612
  893 -12.5214 9.68032 0.533561
  894 -12.4714 9.2008 0.50713
  895 -12.4214 8.73327 0.481361
  896 -12.3714 8.26474 0.455536
  897 -12.3214 7.93307 0.437256
  898 -12.2714 7.58342 0.417983
  899 -12.2214 7.55644 0.416497
  900 -12.1714 7.33067 0.404053
  901 -12.1214 7.14585 0.393866
  902 -12.0714 7.05495 0.388855
  903 -12.0214 7.14386 0.393756
  904 -11.9714 7.12188 0.392544
  905 -11.9214 7.08591 0.390562
  906 -11.8714 7.2997 0.402346
  907 -11.8214 7.2987 0.40229
  908 -11.7714 7.29471 0.40207
  909 -11.7214 7.25574 0.399923
  910 -11.6714 7.49051 0.412863
  911 -11.6214 7.5025 0.413523
  912 -11.5714 7.64735 0.421507
  913 -11.5214 8.04795 0.443588
  914 -11.4714 7.75824 0.427619
  915 -11.4214 7.8971 0.435273
  916 -11.3714 7.91209 0.436099
  917 -11.3214 7.65634 0.422003
  918 -11.2714 7.8981 0.435328
  919 -11.2214 7.52747 0.4149
  920 -11.1714 7.78322 0.428996
  921 -11.1214 7.50549 0.413689
  922 -11.0714 7.51149 0.414019
  923 -11.0214 7.45455 0.41088
  924 -10.9714 7.54046 0.415616
  925 -10.9214 7.57443 0.417488
  926 -10.8714 7.72328 0.425692
  927 -10.8214 7.71329 0.425142
  928 -10.7714 7.87612 0.434117
  929 -10.7214 7.8961 0.435218
  930 -10.6714 7.9021 0.435549
  931 -10.6214 8.07293 0.444964
  932 -10.5714 8.08591 0.44568
  933 -10.5214 8.23377 0.453829
  934 -10.4714 8.17283 0.450471
  935 -10.4214 7.94406 0.437861
  936 -10.3714 8.14785 0.449094
  937 -10.3214 7.88312 0.434502
  938 -10.2714 7.99401 0.440614
  939 -10.2214 7.99001 0.440394
  940 -10.1714 8.12987 0.448103
  941 -10.1214 8.01099 0.44155
  942 -10.0714 7.8961 0.435218
  943 -10.0214 7.92807 0.43698
  944 -9.97144 8.02797 0.442487
  945 -9.92144 8.06993 0.444799
  946 -9.87144 8.12587 0.447883
  947 -9.82144 8.17383 0.450526
  948 -9.77144 7.99201 0.440504
  949 -9.72144 8.08791 0.44579
  950 -9.67144 8.08492 0.445625
  951 -9.62144 8.16384 0.449975
  952 -9.57144 8.07093 0.444854
  953 -9.52144 7.98701 0.440229
  954 -9.47144 7.997 0.44078
  955 -9.42144 8.2967 0.457298
  956 -9.37144 8.20979 0.452508
  957 -9.32144 8.05694 0.444083
  958 -9.27144 7.97303 0.439458
  959 -9.22144 8.26973 0.455812
  960 -9.17144 8.3027 0.457629
  961 -9.12144 8.14186 0.448764
  962 -9.07144 8.2997 0.457464
  963 -9.02144 8.1978 0.451847
  964 -8.97144 8.13886 0.448598
  965 -8.92144 8.1978 0.451847
  966 -8.87144 8.4016 0.46308
  967 -8.82144 8.4036 0.46319
  968 -8.77144 8.42657 0.464457
  969 -8.72144 8.26973 0.455812
  970 -8.67144 8.41459 0.463796
  971 -8.62144 8.33966 0.459666
  972 -8.57144 8.39361 0.46264
  973 -8.52144 8.44955 0.465723
  974 -8.47144 8.27972 0.456362
  975 -8.42144 8.41259 0.463686
  976 -8.37144 8.4995 0.468476
  977 -8.32144 8.42458 0.464347
  978 -8.27144 8.32767 0.459005
  979 -8.22144 8.48252 0.46754
  980 -8.17144 8.51748 0.469467
  981 -8.12144 8.8002 0.48505
  982 -8.07144 8.65834 0.477231
  983 -8.02144 8.65335 0.476956
  984 -7.97144 8.53147 0.470238
  985 -7.92144 8.46753 0.466714
  986 -7.87144 8.41459 0.463796
  987 -7.82144 8.34965 0.460217
  988 -7.77144 8.29071 0.456968
  989 -7.72144 8.50749 0.468917
  990 -7.67144 8.49451 0.468201
  991 -7.62144 8.44855 0.465668
  992 -7.57144 8.38362 0.462089
  993 -7.52144 8.55744 0.47167
  994 -7.47144 8.43856 0.465117
  995 -7.42144 8.66234 0.477452
  996 -7.37144 8.88911 0.489951
  997 -7.32144 9.07193 0.500027
  998 -7.27144 8.9031 0.490722
  999 -7.22144 9.02198 0.497274
  1000 -7.17144 8.8022 0.48516
  1001 -7.12144 8.58042 0.472936
  1002 -7.07144 8.69431 0.479214
  1003 -7.02144 8.78921 0.484445
  1004 -6.97144 8.78921 0.484445
  1005 -6.92144 8.58741 0.473322
  1006 -6.87144 8.51648 0.469412
  1007 -6.82144 8.76324 0.483013
  1008 -6.77144 8.64935 0.476736
  1009 -6.72144 8.77622 0.483729
  1010 -6.67144 8.57143 0.472441
  1011 -6.62144 8.74126 0.481802
  1012 -6.57144 8.63836 0.47613
  1013 -6.52144 8.76523 0.483123
  1014 -6.47144 8.78821 0.484389
  1015 -6.42144 9.07293 0.500082
  1016 -6.37144 9.12887 0.503166
  1017 -6.32144 8.93007 0.492208
  1018 -6.27144 8.75824 0.482738
  1019 -6.22144 8.91808 0.491548
  1020 -6.17144 8.96503 0.494136
  1021 -6.12144 9.00599 0.496393
  1022 -6.07144 8.84016 0.487253
  1023 -6.02144 8.84016 0.487253
  1024 -5.97144 8.93007 0.492208
  1025 -5.92144 8.93806 0.492649
  1026 -5.87144 8.90509 0.490832
  1027 -5.82144 8.72927 0.481141
  1028 -5.77144 8.82917 0.486647
  1029 -5.72144 8.74426 0.481967
  1030 -5.67144 8.83716 0.487088
  1031 -5.62144 8.81319 0.485766
  1032 -5.57144 9.01399 0.496834
  1033 -5.52144 8.85914 0.488299
  1034 -5.47144 9.10789 0.50201
  1035 -5.42144 8.82218 0.486262
  1036 -5.37144 9.27872 0.511425
  1037 -5.32144 9.30869 0.513077
  1038 -5.27144 9.4016 0.518198
  1039 -5.22144 9.25275 0.509994
  1040 -5.17144 9.25974 0.510379
  1041 -5.12144 9.15285 0.504487
  1042 -5.07144 9.03696 0.4981
  1043 -5.02144 9.01099 0.496669
  1044 -4.97144 8.85115 0.487858
  1045 -4.92144 9.13487 0.503496
  1046 -4.87144 8.85514 0.488079
  1047 -4.82144 8.82917 0.486647
  1048 -4.77144 8.78122 0.484004
  1049 -4.72144 8.84316 0.487418
  1050 -4.67144 9 0.496063
  1051 -4.62144 8.92108 0.491713
  1052 -4.57144 9.0969 0.501404
  1053 -4.52144 9.41958 0.519189
  1054 -4.47144 9.11588 0.50245
  1055 -4.42144 9.12787 0.503111
  1056 -4.37144 9.29171 0.512141
  1057 -4.32144 9.16084 0.504928
  1058 -4.27144 9.09291 0.501184
  1059 -4.22144 9.17383 0.505644
  1060 -4.17144 9.28272 0.511646
  1061 -4.12144 9.22677 0.508562
  1062 -4.07144 9.33666 0.514619
  1063 -4.02144 9.13187 0.503331
  1064 -3.97144 9.00899 0.496558
  1065 -3.92144 9 0.496063
  1066 -3.87144 9.01698 0.496999
  1067 -3.82144 9.18981 0.506525
  1068 -3.77144 9.02997 0.497715
  1069 -3.72144 9.1988 0.50702
  1070 -3.67144 9.4046 0.518363
  1071 -3.62144 9.23776 0.509168
  1072 -3.57144 9.15185 0.504432
  1073 -3.52144 9.40859 0.518584
  1074 -3.47144 9.2997 0.512582
  1075 -3.42144 9.09391 0.501239
  1076 -3.37144 9.25175 0.509939
  1077 -3.32144 9.28871 0.511976
  1078 -3.27144 9.16084 0.504928
  1079 -3.22144 9.38861 0.517482
  1080 -3.17144 9.35265 0.5155
  1081 -3.12144 9.5035 0.523815
  1082 -3.07144 9.23077 0.508782
  1083 -3.02144 9.37063 0.516491
  1084 -2.97144 9.24675 0.509663
  1085 -2.92144 9.48751 0.522934
  1086 -2.87144 9.27373 0.51115
  1087 -2.82144 9.12388 0.502891
  1088 -2.77144 9.13986 0.503772
  1089 -2.72144 8.97003 0.494411
  1090 -2.67144 9.27073 0.510985
  1091 -2.62144 9.29471 0.512306
  1092 -2.57144 9.27872 0.511425
  1093 -2.52144 9.2048 0.507351
  1094 -2.47144 9.26873 0.510875
  1095 -2.42144 9.38462 0.517262
  1096 -2.37144 9.41858 0.519134
  1097 -2.32144 9.38362 0.517207
  1098 -2.27144 9.35764 0.515775
  1099 -2.22144 9.42258 0.519354
  1100 -2.17144 9.22877 0.508672
  1101 -2.12144 9.36064 0.515941
  1102 -2.07144 9.13187 0.503331
  1103 -2.02144 9.20979 0.507626
  1104 -1.97144 9.01998 0.497164
  1105 -1.92144 9.28472 0.511756
  1106 -1.87144 9.41159 0.518749
  1107 -1.82144 9.45155 0.520951
  1108 -1.77144 9.45854 0.521337
  1109 -1.72144 9.27772 0.51137
  1110 -1.67144 9.64036 0.531358
  1111 -1.62144 9.56743 0.527339
  1112 -1.57144 9.27173 0.51104
  1113 -1.52144 9.36863 0.516381
  1114 -1.47144 9.23477 0.509003
  1115 -1.42144 9.28571 0.511811
  1116 -1.37144 9.25175 0.509939
  1117 -1.32144 9.43756 0.52018
  1118 -1.27144 9.27273 0.511095
  1119 -1.22144 9.60639 0.529486
  1120 -1.17144 9.54645 0.526182
  1121 -1.12144 9.39361 0.517758
  1122 -1.07144 9.39261 0.517703
  1123 -1.02144 9.32667 0.514068
  1124 -0.971438 9.51349 0.524365
  1125 -0.921438 9.46953 0.521942
  1126 -0.871438 9.23876 0.509223
  1127 -0.821438 9.48252 0.522658
  1128 -0.771438 9.24376 0.509498
  1129 -0.721438 9.35465 0.51561
  1130 -0.671438 9.46553 0.521722
  1131 -0.621438 9.48651 0.522879
  1132 -0.571438 9.2977 0.512472
  1133 -0.521438 9.32967 0.514234
  1134 -0.471438 9.63936 0.531303
  1135 -0.421438 9.31269 0.513298
  1136 -0.371438 9.39061 0.517592
  1137 -0.321438 9.3976 0.517978
  1138 -0.271438 9.41658 0.519024
  1139 -0.221438 9.31469 0.513408
  1140 -0.171438 9.36663 0.516271
  1141 -0.121438 9.30569 0.512912
  1142 -0.0714379 9.45554 0.521172
  1143 -0.0214379 9.33966 0.514784
  1144 0.0285621 9.35365 0.515555
  1145 0.0785621 9.24276 0.509443
  1146 0.128562 9.41858 0.519134
  1147 0.178562 9.41359 0.518859
  1148 0.228562 9.32567 0.514013
  1149 0.278562 9.46054 0.521447
  1150 0.328562 9.54046 0.525852
  1151 0.378562 9.73526 0.536589
  1152 0.428562 9.53546 0.525577
  1153 0.478562 9.56444 0.527173
  1154 0.528562 9.5015 0.523704
  1155 0.578562 9.42358 0.51941
  1156 0.628562 9.50549 0.523925
  1157 0.678562 9.38961 0.517537
  1158 0.728562 9.35265 0.5155
  1159 0.778562 9.21578 0.507956
  1160 0.828562 9.16484 0.505148
  1161 0.878562 9.34166 0.514894
  1162 0.928562 9.27373 0.51115
  1163 0.978562 9.07193 0.500027
  1164 1.02856 9.01299 0.496779
  1165 1.07856 9.06993 0.499917
  1166 1.12856 9.31668 0.513518
  1167 1.17856 9.08991 0.501019
  1168 1.22856 9.1968 0.50691
  1169 1.27856 9.30769 0.513022
  1170 1.32856 9.58042 0.528054
  1171 1.37856 9.41558 0.518969
  1172 1.42856 9.36863 0.516381
  1173 1.47856 9.23876 0.509223
  1174 1.52856 9.37562 0.516767
  1175 1.57856 9.58442 0.528275
  1176 1.62856 9.48751 0.522934
  1177 1.67856 9.85215 0.543032
  1178 1.72856 9.72827 0.536204
  1179 1.77856 9.60739 0.529541
  1180 1.82856 9.53447 0.525522
  1181 1.87856 9.48751 0.522934
  1182 1.92856 9.13786 0.503662
  1183 1.97856 9.12587 0.503001
  1184 2.02856 9.1019 0.501679
  1185 2.07856 9.22078 0.508232
  1186 2.12856 9.11788 0.50256
  1187 2.17856 9.08991 0.501019
  1188 2.22856 9.21678 0.508012
  1189 2.27856 9.07692 0.500303
  1190 2.32856 9.29171 0.512141
  1191 2.37856 9.4016 0.518198
  1192 2.42856 9.45654 0.521227
  1193 2.47856 9.21479 0.507901
  1194 2.52856 9.32567 0.514013
  1195 2.57856 9.25075 0.509884
  1196 2.62856 9.43157 0.51985
  1197 2.67856 9.46454 0.521667
  1198 2.72856 9.34565 0.515115
  1199 2.77856 9.50849 0.52409
  1200 2.82856 9.34366 0.515005
  1201 2.87856 9.16084 0.504928
  1202 2.92856 9.32268 0.513848
  1203 2.97856 9.22478 0.508452
  1204 3.02856 9.05395 0.499036
  1205 3.07856 9.37962 0.516987
  1206 3.12856 9.24376 0.509498
  1207 3.17856 9.5035 0.523815
  1208 3.22856 9.42957 0.51974
  1209 3.27856 9.36064 0.515941
  1210 3.32856 9.36963 0.516436
  1211 3.37856 9.15584 0.504653
  1212 3.42856 9.25974 0.510379
  1213 3.47856 9.17782 0.505864
  1214 3.52856 8.93706 0.492594
  1215 3.57856 9.29271 0.512196
  1216 3.62856 9.12587 0.503001
  1217 3.67856 9.07293 0.500082
  1218 3.72856 9.03497 0.49799
  1219 3.77856 9.31868 0.513628
  1220 3.82856 9.26873 0.510875
  1221 3.87856 9.24076 0.509333
  1222 3.92856 9.27572 0.51126
  1223 3.97856 9.26174 0.510489
  1224 4.02856 9.08691 0.500853
  1225 4.07856 9.24575 0.509608
  1226 4.12856 9.08991 0.501019
  1227 4.17856 9.30669 0.512967
  1228 4.22856 9.04096 0.49832
  1229 4.27856 8.85714 0.488189
  1230 4.32856 9.0999 0.501569
  1231 4.37856 9.00699 0.496448
  1232 4.42856 9.1039 0.501789
  1233 4.47856 9.08092 0.500523
  1234 4.52856 9.08991 0.501019
  1235 4.57856 8.88412 0.489676
  1236 4.62856 9.11189 0.50223
  1237 4.67856 9.05694 0.499201
  1238 4.72856 8.92907 0.492153
  1239 4.77856 8.998 0.495953
  1240 4.82856 8.97203 0.494521
  1241 4.87856 9.13287 0.503386
  1242 4.92856 9.24476 0.509553
  1243 4.97856 9.07792 0.500358
  1244 5.02856 8.91309 0.491272
  1245 5.07856 9.11389 0.50234
  1246 5.12856 8.94705 0.493144
  1247 5.17856 8.88711 0.489841
  1248 5.22856 8.96304 0.494025
  1249 5.27856 9.18781 0.506415
  1250 5.32856 8.94605 0.493089
  1251 5.37856 8.98501 0.495237
  1252 5.42856 8.85415 0.488024
  1253 5.47856 8.86513 0.488629
  1254 5.52856 9.05994 0.499367
  1255 5.57856 8.998 0.495953
  1256 5.62856 8.84316 0.487418
  1257 5.67856 9.08392 0.500688
  1258 5.72856 9.08891 0.500963
  1259 5.77856 8.94905 0.493255
  1260 5.82856 8.97303 0.494576
  1261 5.87856 9.05894 0.499312
  1262 5.92856 8.97902 0.494907
  1263 5.97856 8.89011 0.490006
  1264 6.02856 8.99301 0.495677
  1265 6.07856 8.7962 0.48483
  1266 6.12856 8.79221 0.48461
  1267 6.17856 8.82218 0.486262
  1268 6.22856 8.96703 0.494246
  1269 6.27856 8.97203 0.494521
  1270 6.32856 8.88412 0.489676
  1271 6.37856 8.92807 0.492098
  1272 6.42856 9.03696 0.4981
  1273 6.47856 8.81119 0.485656
  1274 6.52856 8.8981 0.490446
  1275 6.57856 8.63636 0.47602
  1276 6.62856 8.76823 0.483288
  1277 6.67856 8.74925 0.482242
  1278 6.72856 8.60839 0.474478
  1279 6.77856 8.65135 0.476846
  1280 6.82856 9.00799 0.496503
  1281 6.87856 8.66833 0.477782
  1282 6.92856 8.65634 0.477121
  1283 6.97856 8.73826 0.481636
  1284 7.02856 8.78821 0.484389
  1285 7.07856 8.68432 0.478663
  1286 7.12856 8.43956 0.465172
  1287 7.17856 8.72228 0.480755
  1288 7.22856 8.73926 0.481691
  1289 7.27856 8.65235 0.476901
  1290 7.32856 8.3007 0.457519
  1291 7.37856 8.54146 0.470789
  1292 7.42856 8.63536 0.475965
  1293 7.47856 8.95904 0.493805
  1294 7.52856 8.65634 0.477121
  1295 7.57856 8.74725 0.482132
  1296 7.62856 8.74026 0.481746
  1297 7.67856 8.66833 0.477782
  1298 7.72856 8.63936 0.476185
  1299 7.77856 8.38861 0.462364
  1300 7.82856 8.53047 0.470183
  1301 7.87856 8.53946 0.470679
  1302 7.92856 8.66334 0.477507
  1303 7.97856 8.38162 0.461979
  1304 8.02856 8.32068 0.45862
  1305 8.07856 8.43357 0.464842
  1306 8.12856 8.42358 0.464291
  1307 8.17856 8.49451 0.468201
  1308 8.22856 8.52847 0.470073
  1309 8.27856 8.36264 0.460933
  1310 8.32856 8.46054 0.466329
  1311 8.37856 8.35365 0.460437
  1312 8.42856 8.38362 0.462089
  1313 8.47856 8.2977 0.457354
  1314 8.52856 8.34765 0.460107
  1315 8.57856 8.45854 0.466219
  1316 8.62856 8.3037 0.457684
  1317 8.67856 8.41658 0.463906
  1318 8.72856 8.25375 0.454931
  1319 8.77856 8.21279 0.452673
  1320 8.82856 8.37463 0.461593
  1321 8.87856 8.28072 0.456417
  1322 8.92856 8.37962 0.461869
  1323 8.97856 8.18482 0.451131
  1324 9.02856 8.38262 0.462034
  1325 9.07856 8.16084 0.44981
  1326 9.12856 8.18781 0.451297
  1327 9.17856 8.04695 0.443533
  1328 9.22856 8.15884 0.4497
  1329 9.27856 8.14585 0.448984
  1330 9.32856 8.12687 0.447938
  1331 9.37856 7.89311 0.435053
  1332 9.42856 8.13886 0.448598
  1333 9.47856 8.13786 0.448543
  1334 9.52856 8.13387 0.448323
  1335 9.57856 8.1988 0.451902
  1336 9.62856 8.31169 0.458124
  1337 9.67856 8.17383 0.450526
  1338 9.72856 8.1968 0.451792
  1339 9.77856 8.02597 0.442376
  1340 9.82856 8.07093 0.444854
  1341 9.87856 7.91209 0.436099
  1342 9.92856 7.93407 0.437311
  1343 9.97856 7.82817 0.431474
  1344 10.0286 7.96903 0.439238
  1345 10.0786 8.04296 0.443312
  1346 10.1286 8.16384 0.449975
  1347 10.1786 8.11988 0.447552
  1348 10.2286 7.93506 0.437366
  1349 10.2786 8.04196 0.443257
  1350 10.3286 8.05894 0.444193
  1351 10.3786 8.07892 0.445295
  1352 10.4286 7.83117 0.431639
  1353 10.4786 7.9031 0.435604
  1354 10.5286 7.79321 0.429547
  1355 10.5786 7.85714 0.433071
  1356 10.6286 7.74326 0.426794
  1357 10.6786 7.85015 0.432685
  1358 10.7286 7.65834 0.422113
  1359 10.7786 7.65734 0.422058
  1360 10.8286 7.53347 0.41523
  1361 10.8786 7.43057 0.409559
  1362 10.9286 7.57343 0.417433
  1363 10.9786 7.82717 0.431419
  1364 11.0286 7.61838 0.419911
  1365 11.0786 7.70929 0.424921
  1366 11.1286 7.68232 0.423435
  1367 11.1786 7.74026 0.426628
  1368 11.2286 7.69131 0.42393
  1369 11.2786 7.86513 0.433511
  1370 11.3286 7.99201 0.440504
  1371 11.3786 7.74825 0.427069
  1372 11.4286 7.93407 0.437311
  1373 11.4786 7.82917 0.431529
  1374 11.5286 7.91608 0.436319
  1375 11.5786 7.62937 0.420516
  1376 11.6286 7.44555 0.410385
  1377 11.6786 7.36663 0.406035
  1378 11.7286 7.35664 0.405484
  1379 11.7786 7.27473 0.400969
  1380 11.8286 7.20979 0.39739
  1381 11.8786 6.95305 0.383239
  1382 11.9286 6.81918 0.37586
  1383 11.9786 7.04595 0.38836
  1384 12.0286 7.16384 0.394857
  1385 12.0786 7.21678 0.397775
  1386 12.1286 7.16484 0.394912
  1387 12.1786 7.12488 0.39271
  1388 12.2286 7.37562 0.40653
  1389 12.2786 7.58541 0.418094
  1390 12.3286 7.85614 0.433016
  1391 12.3786 8.10989 0.447002
  1392 12.4286 8.56244 0.471945
  1393 12.4786 8.86114 0.488409
  1394 12.5286 9.5005 0.523649
  1395 12.5786 9.18981 0.506525
  1396 12.6286 7.40659 0.408237
  1397 12.6786 6 0.330709
  1398 12.7286 4.78621 0.263807
  1399 12.7786 4.24575 0.234018
  1400 12.8286 4.18981 0.230934
  1401 12.8786 4.53047 0.249711
  1402 12.9286 5.72328 0.315456
  1403 12.9786 6.06194 0.334122
  1404 13.0286 5.64136 0.310941
  1405 13.0786 5.40959 0.298166
  1406 13.1286 4.41558 0.243379
  1407 13.1786 3.80619 0.20979
  1408 13.2286 3.82717 0.210946
  1409 13.2786 4.16683 0.229668
  1410 13.3286 5.17183 0.285061
  1411 13.3786 5.14785 0.28374
  1412 13.4286 4.53047 0.249711
  1413 13.4786 4.0959 0.225758
  1414 13.5286 3.19181 0.175926
  1415 13.5786 2.58641 0.142558
  1416 13.6286 2.42657 0.133748
  1417 13.6786 2.43157 0.134023
  1418 13.7286 2.64535 0.145807
  1419 13.7786 3.03097 0.167061
  1420 13.8286 3.7043 0.204174
  1421 13.8786 4.08991 0.225428
  1422 13.9286 4.03397 0.222345
  1423 13.9786 3.87512 0.213589
  1424 14.0286 3.88811 0.214305
  1425 14.0786 3.92707 0.216453
  1426 14.1286 3.8951 0.214691
  1427 14.1786 3.81618 0.210341
  1428 14.2286 3.88511 0.21414
  1429 14.2786 3.71429 0.204724
  1430 14.3286 3.5994 0.198392
  1431 14.3786 3.58042 0.197346
  1432 14.4286 3.61439 0.199218
  1433 14.4786 3.70929 0.204449
  1434 14.5286 3.48651 0.19217
  1435 14.5786 3.59041 0.197897
  1436 14.6286 3.4985 0.192831
  1437 14.6786 3.53846 0.195033
  1438 14.7286 3.62238 0.199659
  1439 14.7786 3.50649 0.193271
  1440 14.8286 3.54845 0.195584
  1441 14.8786 3.62438 0.199769
  1442 14.9286 3.54745 0.195529
  1443 14.9786 3.65435 0.201421
  1444 15.0286 3.56743 0.19663
  1445 15.0786 3.46553 0.191014
  1446 15.1286 3.51449 0.193712
  1447 15.1786 3.54845 0.195584
  1448 15.2286 3.52048 0.194042
  1449 15.2786 3.6014 0.198502
  1450 15.3286 3.3996 0.187379
  1451 15.3786 3.44755 0.190023
  1452 15.4286 3.41958 0.188481
  1453 15.4786 3.3017 0.181983
  1454 15.5286 3.37862 0.186223
  1455 15.5786 3.37463 0.186003
  1456 15.6286 3.35065 0.184681
  1457 15.6786 3.42957 0.189031
  1458 15.7286 3.38661 0.186664
  1459 15.7786 3.37263 0.185893
  1460 15.8286 3.48651 0.19217
  1461 15.8786 3.46354 0.190904
  1462 15.9286 3.38661 0.186664
  1463 15.9786 3.42857 0.188976
  1464 16.0286 3.3966 0.187214
  1465 16.0786 3.31069 0.182479
  1466 16.1286 3.37263 0.185893
  1467 16.1786 3.29471 0.181598
  1468 16.2286 3.25874 0.179616
  1469 16.2786 3.35564 0.184957
  1470 16.3286 3.31169 0.182534
  1471 16.3786 3.35165 0.184736
  1472 16.4286 3.26773 0.180111
  1473 16.4786 3.25275 0.179285
  1474 16.5286 3.19481 0.176092
  1475 16.5786 3.36464 0.185452
  1476 16.6286 3.23676 0.178404
  1477 16.6786 3.21079 0.176973
  1478 16.7286 3.15984 0.174164
  1479 16.7786 3.16583 0.174495
  1480 16.8286 3.17483 0.17499
  1481 16.8786 3.15185 0.173724
  1482 16.9286 3.2018 0.176477
  1483 16.9786 3.31269 0.182589
  1484 17.0286 3.27772 0.180662
  1485 17.0786 3.23477 0.178294
  1486 17.1286 3.21778 0.177358
  1487 17.1786 3.28671 0.181157
  1488 17.2286 3.21578 0.177248
  1489 17.2786 3.14985 0.173614
  1490 17.3286 3.14086 0.173118
  1491 17.3786 3.06394 0.168878
  1492 17.4286 3.23976 0.178569
  1493 17.4786 3.19081 0.175871
  1494 17.5286 3.17682 0.1751
  1495 17.5786 3.11588 0.171742
  1496 17.6286 3.20979 0.176918
  1497 17.6786 3.08591 0.17009
  1498 17.7286 3.10789 0.171301
  1499 17.7786 3.17782 0.175155
  1500 17.8286 3.24476 0.178845
  1501 17.8786 3.25375 0.17934
  1502 17.9286 3.14286 0.173228
  1503 17.9786 3.15385 0.173834
  1504 18.0286 3.1978 0.176257
  1505 18.0786 3.11489 0.171687
  1506 18.1286 3.12787 0.172402
  1507 18.1786 3.02697 0.166841
  1508 18.2286 3.08991 0.17031
  1509 18.2786 3.00599 0.165685
  1510 18.3286 2.99101 0.164859
  1511 18.3786 3.05794 0.168548
  1512 18.4286 3.08591 0.17009
  1513 18.4786 3.06993 0.169209
  1514 18.5286 3.003 0.165519
  1515 18.5786 3.03497 0.167281
  1516 18.6286 3.01099 0.16596
  1517 18.6786 2.98601 0.164583
  1518 18.7286 2.98601 0.164583
  1519 18.7786 2.99301 0.164969
  1520 18.8286 2.88611 0.159077
  1521 18.8786 3.07692 0.169594
  1522 18.9286 2.97602 0.164033
  1523 18.9786 2.98701 0.164638
  1524 19.0286 2.97103 0.163757
  1525 19.0786 2.83816 0.156434
  1526 19.1286 2.92108 0.161004
  1527 19.1786 2.91608 0.160729
  1528 19.2286 2.8991 0.159793
  1529 19.2786 3.002 0.165464
  1530 19.3286 2.99301 0.164969
  1531 19.3786 2.95005 0.162601
  1532 19.4286 2.97403 0.163923
  1533 19.4786 3.04995 0.168107
  1534 19.5286 3.00999 0.165905
  1535 19.5786 2.95205 0.162711
  1536 19.6286 3.02098 0.166511
  1537 19.6786 2.96104 0.163207
  1538 19.7286 2.995 0.165079
  1539 19.7786 2.92308 0.161114
  1540 19.8286 2.91309 0.160564
  1541 19.8786 2.98501 0.164528
  1542 19.9286 2.93207 0.16161
  1543 19.9786 2.8961 0.159628
  1544 20.0286 2.88811 0.159187
  1545 20.0786 2.84216 0.156654
  1546 20.1286 3.02997 0.167006
  1547 20.1786 2.83217 0.156104
  1548 20.2286 2.8961 0.159628
  1549 20.2786 2.96503 0.163427
  1550 20.3286 2.87413 0.158416
  1551 20.3786 3.07293 0.169374
  1552 20.4286 2.98102 0.164308
  1553 20.4786 2.9011 0.159903
  1554 20.5286 2.88412 0.158967
  1555 20.5786 2.84515 0.15682
  1556 20.6286 2.83616 0.156324
  1557 20.6786 2.81518 0.155168
  1558 20.7286 2.87213 0.158306
  1559 20.7786 2.78821 0.153681
  1560 20.8286 2.88212 0.158857
  1561 20.8786 2.83217 0.156104
  1562 20.9286 2.76523 0.152414
  1563 20.9786 2.77123 0.152745
  1564 21.0286 2.84416 0.156764
  1565 21.0786 2.76124 0.152194
  1566 21.1286 2.75225 0.151699
  1567 21.1786 2.8042 0.154562
  1568 21.2286 2.66633 0.146963
  1569 21.2786 2.71029 0.149386
  1570 21.3286 2.58741 0.142613
  1571 21.3786 2.72228 0.150047
  1572 21.4286 2.68631 0.148064
  1573 21.4786 2.73626 0.150818
  1574 21.5286 2.64136 0.145587
  1575 21.5786 2.71528 0.149661
  1576 21.6286 2.79421 0.154011
  1577 21.6786 2.8042 0.154562
  1578 21.7286 2.74426 0.151258
  1579 21.7786 2.77123 0.152745
  1580 21.8286 2.6983 0.148725
  1581 21.8786 2.71828 0.149827
  1582 21.9286 2.72028 0.149937
  1583 21.9786 2.82218 0.155553
  1584 22.0286 2.72128 0.149992
  1585 22.0786 2.74925 0.151533
  1586 22.1286 2.67133 0.147239
  1587 22.1786 2.73327 0.150652
  1588 22.2286 2.73526 0.150763
  1589 22.2786 2.80719 0.154727
  1590 22.3286 2.71229 0.149496
  1591 22.3786 2.73626 0.150818
  1592 22.4286 2.66833 0.147073
  1593 22.4786 2.67233 0.147294
  1594 22.5286 2.57243 0.141787
  1595 22.5786 2.55844 0.141016
  1596 22.6286 2.62238 0.14454
  1597 22.6786 2.71229 0.149496
  1598 22.7286 2.68731 0.14812
  1599 22.7786 2.67233 0.147294
  1600 22.8286 2.6014 0.143384
  1601 22.8786 2.62338 0.144596
  1602 22.9286 2.66733 0.147018
  1603 22.9786 2.5974 0.143164
  1604 23.0286 2.58841 0.142668
  1605 23.0786 2.56943 0.141622
  1606 23.1286 2.52547 0.139199
  1607 23.1786 2.57642 0.142008
  1608 23.2286 2.50649 0.138153
  1609 23.2786 2.52248 0.139034
  1610 23.3286 2.58941 0.142723
  1611 23.3786 2.46054 0.13562
  1612 23.4286 2.53946 0.13997
  1613 23.4786 2.49451 0.137492
  1614 23.5286 2.5994 0.143274
  1615 23.5786 2.5984 0.143219
  1616 23.6286 2.4965 0.137603
  1617 23.6786 2.53147 0.13953
  1618 23.7286 2.63836 0.145421
  1619 23.7786 2.55245 0.140686
  1620 23.8286 2.51548 0.138649
  1621 23.8786 2.60839 0.14377
  1622 23.9286 2.52947 0.13942
  1623 23.9786 2.51049 0.138373
  1624 24.0286 2.49451 0.137492
  1625 24.0786 2.55644 0.140906
  1626 24.1286 2.48751 0.137107
  1627 24.1786 2.54046 0.140025
  1628 24.2286 2.55844 0.141016
  1629 24.2786 2.53247 0.139585
  1630 24.3286 2.45355 0.135235
  1631 24.3786 2.52148 0.138979
  1632 24.4286 2.52048 0.138924
  1633 24.4786 2.58541 0.142503
  1634 24.5286 2.53746 0.13986
  1635 24.5786 2.49151 0.137327
  1636 24.6286 2.50549 0.138098
  1637 24.6786 2.50549 0.138098
  1638 24.7286 2.56643 0.141457
  1639 24.7786 2.4985 0.137713
  1640 24.8286 2.5005 0.137823
  1641 24.8786 2.41858 0.133308
  1642 24.9286 2.52048 0.138924
  1643 24.9786 2.47952 0.136666
  1644 25.0286 2.34266 0.129123
  1645 25.0786 2.37562 0.13094
  1646 25.1286 2.58442 0.142448
  1647 25.1786 2.42657 0.133748
  1648 25.2286 2.51449 0.138594
  1649 25.2786 2.50849 0.138263
  1650 25.3286 2.51349 0.138539
  1651 25.3786 2.48751 0.137107
  1652 25.4286 2.44955 0.135015
  1653 25.4786 2.39461 0.131986
  1654 25.5286 2.43556 0.134244
  1655 25.5786 2.38462 0.131435
  1656 25.6286 2.41658 0.133197
  1657 25.6786 2.45355 0.135235
  1658 25.7286 2.37762 0.13105
  1659 25.7786 2.46354 0.135785
  1660 25.8286 2.41858 0.133308
  1661 25.8786 2.37862 0.131105
  1662 25.9286 2.46254 0.13573
  1663 25.9786 2.40659 0.132647
  1664 26.0286 2.42557 0.133693
  1665 26.0786 2.44755 0.134904
  1666 26.1286 2.37363 0.13083
  1667 26.1786 2.42957 0.133913
  1668 26.2286 2.38861 0.131656
  1669 26.2786 2.36364 0.130279
  1670 26.3286 2.4016 0.132372
  1671 26.3786 2.2997 0.126755
  1672 26.4286 2.42957 0.133913
  1673 26.4786 2.35465 0.129784
  1674 26.5286 2.36563 0.130389
  1675 26.5786 2.32468 0.128132
  1676 26.6286 2.41958 0.133363
  1677 26.6786 2.31868 0.127801
  1678 26.7286 2.34765 0.129398
  1679 26.7786 2.33267 0.128572
  1680 26.8286 2.45654 0.1354
  1681 26.8786 2.32667 0.128242
  1682 26.9286 2.35465 0.129784
  1683 26.9786 2.44456 0.134739
  1684 27.0286 2.3996 0.132261
  1685 27.0786 2.2967 0.12659
  1686 27.1286 2.31469 0.127581
  1687 27.1786 2.42957 0.133913
  1688 27.2286 2.46454 0.13584
  1689 27.2786 2.49051 0.137272
  1690 27.3286 2.33566 0.128737
  1691 27.3786 2.46653 0.135951
  1692 27.4286 2.31768 0.127746
  1693 27.4786 2.34466 0.129233
  1694 27.5286 2.31968 0.127856
  1695 27.5786 2.35265 0.129673
  1696 27.6286 2.36763 0.130499
  1697 27.6786 2.31868 0.127801
  1698 27.7286 2.34466 0.129233
  1699 27.7786 2.27672 0.125489
  1700 27.8286 2.35165 0.129618
  1701 27.8786 2.28671 0.126039
  1702 27.9286 2.28372 0.125874
  1703 27.9786 2.33766 0.128847
  1704 28.0286 2.32867 0.128352
  1705 28.0786 2.28072 0.125709
  1706 28.1286 2.30669 0.127141
  1707 28.1786 2.33467 0.128682
  1708 28.2286 2.33467 0.128682
  1709 28.2786 2.28172 0.125764
  1710 28.3286 2.35065 0.129563
  1711 28.3786 2.28072 0.125709
  1712 28.4286 2.24376 0.123672
  1713 28.4786 2.30569 0.127085
  1714 28.5286 2.34865 0.129453
  1715 28.5786 2.24875 0.123947
  1716 28.6286 2.2018 0.121359
  1717 28.6786 2.23077 0.122956
  1718 28.7286 2.35664 0.129894
  1719 28.7786 2.30969 0.127306
  1720 28.8286 2.31868 0.127801
  1721 28.8786 2.3027 0.12692
  1722 28.9286 2.22278 0.122515
  1723 28.9786 2.32168 0.127966
  1724 29.0286 2.32667 0.128242
  1725 29.0786 2.33467 0.128682
  1726 29.1286 2.27772 0.125544
  1727 29.1786 2.22378 0.12257
  1728 29.2286 2.32268 0.128022
  1729 29.2786 2.2987 0.1267
  1730 29.3286 2.20779 0.121689
  1731 29.3786 2.31568 0.127636
  1732 29.4286 2.27972 0.125654
  1733 29.4786 2.25774 0.124442
  1734 29.5286 2.3027 0.12692
  1735 29.5786 2.2997 0.126755
  1736 29.6286 2.21179 0.12191
  1737 29.6786 2.24875 0.123947
  1738 29.7286 2.3037 0.126975
  1739 29.7786 2.25475 0.124277
  1740 29.8286 2.20679 0.121634
  1741 29.8786 2.28771 0.126094
  1742 29.9286 2.23576 0.123231
  1743 29.9786 2.21079 0.121854
  1744 30.0286 2.25375 0.124222
  1745 30.0786 2.20879 0.121744
  1746 30.1286 2.17782 0.120037
  1747 30.1786 2.16184 0.119156
  1748 30.2286 2.26873 0.125048
  1749 30.2786 2.1978 0.121139
  1750 30.3286 2.22877 0.122846
  1751 30.3786 2.25574 0.124332
  1752 30.4286 2.27772 0.125544
  1753 30.4786 2.18382 0.120368
  1754 30.5286 2.15684 0.118881
  1755 30.5786 2.2008 0.121304
  1756 30.6286 2.21179 0.12191
  1757 30.6786 2.23277 0.123066
  1758 30.7286 2.11588 0.116623
  1759 30.7786 2.28372 0.125874
  1760 30.8286 2.27872 0.125599
  1761 30.8786 2.22278 0.122515
  1762 30.9286 2.22478 0.122625
  1763 30.9786 2.17383 0.119817
  1764 31.0286 2.24376 0.123672
  1765 31.0786 2.17383 0.119817
  1766 31.1286 2.26474 0.124828
  1767 31.1786 2.24476 0.123727
  1768 31.2286 2.12787 0.117284
  1769 31.2786 2.18282 0.120313
  1770 31.3286 2.16983 0.119597
  1771 31.3786 2.13886 0.11789
  1772 31.4286 2.1978 0.121139
  1773 31.4786 2.21479 0.122075
  1774 31.5286 2.15485 0.118771
  1775 31.5786 2.14785 0.118386
  1776 31.6286 2.12987 0.117394
  1777 31.6786 2.09191 0.115302
  1778 31.7286 2.17383 0.119817
  1779 31.7786 2.09091 0.115247
  1780 31.8286 2.14086 0.118
  1781 31.8786 2.09091 0.115247
  1782 31.9286 2.07193 0.114201
  1783 31.9786 2.07493 0.114366
  1784 32.0286 2.17083 0.119652
  1785 32.0786 2.17582 0.119927
  1786 32.1286 2.11189 0.116403
  1787 32.1786 2.001 0.110291
  1788 32.2286 2.14685 0.11833
  1789 32.2786 2.04695 0.112824
  1790 32.3286 1.98901 0.10963
  1791 32.3786 2.07892 0.114586
  1792 32.4286 2.1019 0.115853
  1793 32.4786 2.09491 0.115467
  1794 32.5286 2.0969 0.115577
  1795 32.5786 1.97802 0.109025
  1796 32.6286 2.08292 0.114806
  1797 32.6786 2.08392 0.114861
  1798 32.7286 2.14386 0.118165
  1799 32.7786 2.10589 0.116073
  1800 32.8286 2.05794 0.11343
  1801 32.8786 2.05794 0.11343
  1802 32.9286 2.07692 0.114476
  1803 32.9786 2.03996 0.112439
  1804 33.0286 2.005 0.110511
  1805 33.0786 1.97902 0.10908
  1806 33.1286 2.02098 0.111393
  1807 33.1786 1.99101 0.109741
  1808 33.2286 2.002 0.110346
  1809 33.2786 2.002 0.110346
  1810 33.3286 1.996 0.110016
  1811 33.3786 1.9001 0.10473
  1812 33.4286 1.98302 0.1093
  1813 33.4786 1.94905 0.107428
  1814 33.5286 2.01099 0.110842
  1815 33.5786 2.00599 0.110567
  1816 33.6286 1.96503 0.108309
  1817 33.6786 2.06394 0.11376
  1818 33.7286 2.01898 0.111282
  1819 33.7786 1.96104 0.108089
  1820 33.8286 2.06693 0.113925
  1821 33.8786 1.98501 0.10941
  1822 33.9286 2.03197 0.111998
  1823 33.9786 1.88711 0.104014
  1824 34.0286 1.98901 0.10963
  1825 34.0786 1.997 0.110071
  1826 34.1286 1.98901 0.10963
  1827 34.1786 1.97303 0.108749
  1828 34.2286 1.94505 0.107208
  1829 34.2786 2.02997 0.111888
  1830 34.3286 1.93307 0.106547
  1831 34.3786 1.98801 0.109575
  1832 34.4286 2.1019 0.115853
  1833 34.4786 1.96104 0.108089
  1834 34.5286 1.92408 0.106051
  1835 34.5786 1.96703 0.108419
  1836 34.6286 1.97602 0.108915
  1837 34.6786 2.00999 0.110787
  1838 34.7286 2.01099 0.110842
  1839 34.7786 2.01898 0.111282
  1840 34.8286 1.96703 0.108419
  1841 34.8786 1.98901 0.10963
  1842 34.9286 2.1019 0.115853
  1843 34.9786 2.02697 0.111723
  1844 35.0286 2.005 0.110511
  1845 35.0786 1.91209 0.105391
  1846 35.1286 1.93407 0.106602
  1847 35.1786 1.98701 0.10952
  1848 35.2286 1.9031 0.104895
  1849 35.2786 1.91708 0.105666
  1850 35.3286 1.92308 0.105996
  1851 35.3786 1.90809 0.10517
  1852 35.4286 1.8981 0.10462
  1853 35.4786 1.95105 0.107538
  1854 35.5286 1.8951 0.104455
  1855 35.5786 1.86314 0.102693
  1856 35.6286 1.98002 0.109135
  1857 35.6786 1.96004 0.108034
  1858 35.7286 1.95005 0.107483
  1859 35.7786 1.94406 0.107153
  1860 35.8286 2.07592 0.114421
  1861 35.8786 1.89411 0.1044
  1862 35.9286 2.00899 0.110732
  1863 35.9786 1.96404 0.108254
  1864 36.0286 1.87313 0.103243
  1865 36.0786 1.92907 0.106327
  1866 36.1286 1.84915 0.101922
  1867 36.1786 1.86114 0.102582
  1868 36.2286 2.03097 0.111943
  1869 36.2786 1.89211 0.104289
  1870 36.3286 1.91608 0.105611
  1871 36.3786 1.91209 0.105391
  1872 36.4286 1.99001 0.109686
  1873 36.4786 1.92607 0.106162
  1874 36.5286 1.91908 0.105776
  1875 36.5786 1.92008 0.105831
  1876 36.6286 1.90709 0.105115
  1877 36.6786 1.88012 0.103629
  1878 36.7286 1.81019 0.0997742
  1879 36.7786 1.88811 0.104069
  1880 36.8286 1.85914 0.102472
  1881 36.8786 1.9041 0.10495
  1882 36.9286 1.88212 0.103739
  1883 36.9786 1.78621 0.0984527
  1884 37.0286 1.83516 0.101151
  1885 37.0786 1.98501 0.10941
  1886 37.1286 1.83816 0.101316
  1887 37.1786 1.90709 0.105115
  1888 37.2286 1.86414 0.102748
  1889 37.2786 1.86014 0.102527
  1890 37.3286 1.9041 0.10495
  1891 37.3786 1.82418 0.100545
  1892 37.4286 1.8981 0.10462
  1893 37.4786 1.94206 0.107043
  1894 37.5286 1.80719 0.099609
  1895 37.5786 1.84615 0.101756
  1896 37.6286 1.83417 0.101096
  1897 37.6786 1.81818 0.100215
  1898 37.7286 1.83616 0.101206
  1899 37.7786 1.77622 0.0979021
  1900 37.8286 1.86114 0.102582
  1901 37.8786 1.86713 0.102913
  1902 37.9286 1.81918 0.10027
  1903 37.9786 1.84416 0.101646
  1904 38.0286 1.9021 0.10484
  1905 38.0786 1.85914 0.102472
  1906 38.1286 1.86513 0.102803
  1907 38.1786 1.82617 0.100655
  1908 38.2286 1.83816 0.101316
  1909 38.2786 1.87612 0.103408
  1910 38.3286 1.82418 0.100545
  1911 38.3786 1.85614 0.102307
  1912 38.4286 1.84815 0.101867
  1913 38.4786 1.85115 0.102032
  1914 38.5286 1.87912 0.103574
  1915 38.5786 1.88811 0.104069
  1916 38.6286 1.76124 0.0970761
  1917 38.6786 1.81219 0.0998843
  1918 38.7286 1.73227 0.0954793
  1919 38.7786 1.87313 0.103243
  1920 38.8286 1.77722 0.0979571
  1921 38.8786 1.9021 0.10484
  1922 38.9286 1.9031 0.104895
  1923 38.9786 1.85315 0.102142
  1924 39.0286 1.78521 0.0983976
  1925 39.0786 1.83417 0.101096
  1926 39.1286 1.82318 0.10049
  1927 39.1786 1.81119 0.0998293
  1928 39.2286 1.87013 0.103078
  1929 39.2786 1.7992 0.0991685
  1930 39.3286 1.80819 0.0996641
  1931 39.3786 1.80719 0.099609
  1932 39.4286 1.84915 0.101922
  1933 39.4786 1.77123 0.0976268
  1934 39.5286 1.84116 0.101481
  1935 39.5786 1.78122 0.0981774
  1936 39.6286 1.8042 0.0994438
  1937 39.6786 1.87612 0.103408
  1938 39.7286 1.82318 0.10049
  1939 39.7786 1.78621 0.0984527
  1940 39.8286 1.7962 0.0990033
  1941 39.8786 1.82418 0.100545
  1942 39.9286 1.76424 0.0972413
  1943 39.9786 1.82517 0.1006
  1944 40.0286 1.87413 0.103298
  1945 40.0786 1.79121 0.098728
  1946 40.1286 1.76723 0.0974065
  1947 40.1786 1.92507 0.106106
  1948 40.2286 1.7972 0.0990584
  1949 40.2786 1.83616 0.101206
  1950 40.3286 1.80519 0.0994989
  1951 40.3786 1.82418 0.100545
  1952 40.4286 1.76723 0.0974065
  1953 40.4786 1.72827 0.095259
  1954 40.5286 1.80719 0.099609
  1955 40.5786 1.7972 0.0990584
  1956 40.6286 1.73027 0.0953692
  1957 40.6786 1.81419 0.0999945
  1958 40.7286 1.78721 0.0985078
  1959 40.7786 1.81019 0.0997742
  1960 40.8286 1.85215 0.102087
  1961 40.8786 1.90709 0.105115
  1962 40.9286 1.78721 0.0985078
  1963 40.9786 1.77223 0.0976818
  1964 41.0286 1.82517 0.1006
  1965 41.0786 1.82817 0.100765
  1966 41.1286 1.84915 0.101922
  1967 41.1786 1.77622 0.0979021
  1968 41.2286 1.83816 0.101316
  1969 41.2786 1.78521 0.0983976
  1970 41.3286 1.7962 0.0990033
  1971 41.3786 1.75325 0.0966356
  1972 41.4286 1.82917 0.10082
  1973 41.4786 1.81818 0.100215
  1974 41.5286 1.79321 0.0988381
  1975 41.5786 1.81918 0.10027
  1976 41.6286 1.73526 0.0956445
  1977 41.6786 1.82118 0.10038
  1978 41.7286 1.76124 0.0970761
  1979 41.7786 1.77423 0.0977919
  1980 41.8286 1.75624 0.0968008
  1981 41.8786 1.88412 0.103849
  1982 41.9286 1.79021 0.0986729
  1983 41.9786 1.81718 0.10016
  1984 42.0286 1.77722 0.0979571
  1985 42.0786 1.77423 0.0977919
  1986 42.1286 1.76124 0.0970761
  1987 42.1786 1.72627 0.0951489
  1988 42.2286 1.74026 0.0959198
  1989 42.2786 1.79021 0.0986729
  1990 42.3286 1.82917 0.10082
  1991 42.3786 1.78322 0.0982875
  1992 42.4286 1.83117 0.100931
  1993 42.4786 1.75524 0.0967457
  1994 42.5286 1.80819 0.0996641
  1995 42.5786 1.83516 0.101151
  1996 42.6286 1.75724 0.0968559
  1997 42.6786 1.78322 0.0982875
  1998 42.7286 1.76324 0.0971862
  1999 42.7786 1.85115 0.102032
  2000 42.8286 1.81818 0.100215
  2001 42.8786 1.76324 0.0971862
  2002 42.9286 1.75724 0.0968559
  2003 42.9786 1.76823 0.0974616
  2004 43.0286 1.70729 0.0941027
  2005 43.0786 1.71928 0.0947635
  2006 43.1286 1.79121 0.098728
  2007 43.1786 1.71229 0.094378
  2008 43.2286 1.71229 0.094378
  2009 43.2786 1.72328 0.0949837
  2010 43.3286 1.7962 0.0990033
  2011 43.3786 1.83616 0.101206
  2012 43.4286 1.67233 0.0921755
  2013 43.4786 1.7013 0.0937723
  2014 43.5286 1.75425 0.0966907
  2015 43.5786 1.73327 0.0955344
  2016 43.6286 1.75624 0.0968008
  2017 43.6786 1.72228 0.0949287
  2018 43.7286 1.74725 0.0963052
  2019 43.7786 1.74326 0.096085
  2020 43.8286 1.74426 0.09614
  2021 43.8786 1.7982 0.0991135
  2022 43.9286 1.8022 0.0993337
  2023 43.9786 1.71528 0.0945432
  2024 44.0286 1.65235 0.0910743
  2025 44.0786 1.73926 0.0958647
  2026 44.1286 1.68831 0.0930565
  2027 44.1786 1.65834 0.0914046
  2028 44.2286 1.78921 0.0986179
  2029 44.2786 1.71129 0.094323
  2030 44.3286 1.76823 0.0974616
  2031 44.3786 1.79421 0.0988932
  2032 44.4286 1.6983 0.0936071
  2033 44.4786 1.66833 0.0919553
  2034 44.5286 1.74825 0.0963603
  2035 44.5786 1.8032 0.0993888
  2036 44.6286 1.88511 0.103904
  2037 44.6786 1.76424 0.0972413
  2038 44.7286 1.7962 0.0990033
  2039 44.7786 1.70929 0.0942128
  2040 44.8286 1.74426 0.09614
  2041 44.8786 1.74725 0.0963052
  2042 44.9286 1.82118 0.10038
  2043 44.9786 1.71429 0.0944882
  2044 45.0286 1.79421 0.0988932
  2045 45.0786 1.73826 0.0958097
  2046 45.1286 1.64136 0.0904686
  2047 45.1786 1.75025 0.0964704
  2048 45.2286 1.6953 0.093442
  2049 45.2786 1.69031 0.0931666
  2050 45.3286 1.63037 0.0898629
  2051 45.3786 1.65534 0.0912394
  2052 45.4286 1.65834 0.0914046
  2053 45.4786 1.69331 0.0933318
  2054 45.5286 1.68831 0.0930565
  2055 45.5786 1.67333 0.0922306
  2056 45.6286 1.63237 0.089973
  2057 45.6786 1.63237 0.089973
  2058 45.7286 1.67532 0.0923407
  2059 45.7786 1.66234 0.0916249
  2060 45.8286 1.65035 0.0909641
  2061 45.8786 1.69431 0.0933869
  2062 45.9286 1.67732 0.0924508
  2063 45.9786 1.63936 0.0903584
  2064 46.0286 1.64935 0.0909091
  2065 46.0786 1.64236 0.0905236
  2066 46.1286 1.66933 0.0920103
  2067 46.1786 1.71029 0.0942679
  2068 46.2286 1.7013 0.0937723
  2069 46.2786 1.65235 0.0910743
  2070 46.3286 1.62737 0.0896977
  2071 46.3786 1.7013 0.0937723
  2072 46.4286 1.66334 0.0916799
  2073 46.4786 1.6963 0.093497
  2074 46.5286 1.66533 0.0917901
  2075 46.5786 1.67532 0.0923407
  2076 46.6286 1.78322 0.0982875
  2077 46.6786 1.57542 0.0868344
  2078 46.7286 1.61638 0.089092
  2079 46.7786 1.69031 0.0931666
  2080 46.8286 1.66833 0.0919553
  2081 46.8786 1.60639 0.0885414
  2082 46.9286 1.61638 0.089092
  2083 46.9786 1.59341 0.0878255
  2084 47.0286 1.56743 0.0863939
  2085 47.0786 1.73926 0.0958647
  2086 47.1286 1.61439 0.0889819
  2087 47.1786 1.64835 0.090854
  2088 47.2286 1.66134 0.0915698
  2089 47.2786 1.6004 0.088211
  2090 47.3286 1.61339 0.0889268
  2091 47.3786 1.65634 0.0912945
  2092 47.4286 1.61239 0.0888717
  2093 47.4786 1.66533 0.0917901
  2094 47.5286 1.63536 0.0901382
  2095 47.5786 1.66833 0.0919553
  2096 47.6286 1.61838 0.0892021
  2097 47.6786 1.6044 0.0884312
  2098 47.7286 1.62438 0.0895325
  2099 47.7786 1.64535 0.0906888
  2100 47.8286 1.71329 0.0944331
  2101 47.8786 1.53047 0.0843566
  2102 47.9286 1.54246 0.0850173
  2103 47.9786 1.57443 0.0867793
  2104 48.0286 1.53746 0.084742
  2105 48.0786 1.57043 0.0865591
  2106 48.1286 1.60639 0.0885414
  2107 48.1786 1.57642 0.0868895
  2108 48.2286 1.65734 0.0913496
  2109 48.2786 1.61838 0.0892021
  2110 48.3286 1.63037 0.0898629
  2111 48.3786 1.61139 0.0888167
  2112 48.4286 1.52647 0.0841363
  2113 48.4786 1.59441 0.0878806
  2114 48.5286 1.56943 0.086504
  2115 48.5786 1.54246 0.0850173
  2116 48.6286 1.61938 0.0892572
  2117 48.6786 1.6953 0.093442
  2118 48.7286 1.59241 0.0877705
  2119 48.7786 1.52647 0.0841363
  2120 48.8286 1.6014 0.088266
  2121 48.8786 1.63337 0.0900281
  2122 48.9286 1.5954 0.0879357
  2123 48.9786 1.6044 0.0884312
  2124 49.0286 1.6004 0.088211
  2125 49.0786 1.6044 0.0884312
  2126 49.1286 1.7013 0.0937723
  2127 49.1786 1.58541 0.087385
  2128 49.2286 1.59141 0.0877154
  2129 49.2786 1.62338 0.0894774
  2130 49.3286 1.55045 0.0854578
  2131 49.3786 1.62038 0.0893122
  2132 49.4286 1.63337 0.0900281
  2133 49.4786 1.57642 0.0868895
  2134 49.5286 1.51049 0.0832553
  2135 49.5786 1.58641 0.0874401
  2136 49.6286 1.62238 0.0894224
  2137 49.6786 1.6004 0.088211
  2138 49.7286 1.6004 0.088211
  2139 49.7786 1.69031 0.0931666
  2140 49.8286 1.62537 0.0895875
  2141 49.8786 1.57243 0.0866692
  2142 49.9286 1.64735 0.0907989
  2143 49.9786 1.53746 0.084742
  2144 50.0286 1.62637 0.0896426
  2145 50.0786 1.58641 0.0874401
  2146 50.1286 1.63536 0.0901382
  2147 50.1786 1.60539 0.0884863
  2148 50.2286 1.56444 0.0862287
  2149 50.2786 1.53147 0.0844116
  2150 50.3286 1.56843 0.086449
  2151 50.3786 1.63636 0.0901932
  2152 50.4286 1.56843 0.086449
  2153 50.4786 1.5954 0.0879357
  2154 50.5286 1.62537 0.0895875
  2155 50.5786 1.62338 0.0894774
  2156 50.6286 1.50849 0.0831452
  2157 50.6786 1.57542 0.0868344
  2158 50.7286 1.63936 0.0903584
  2159 50.7786 1.68531 0.0928913
  2160 50.8286 1.62837 0.0897527
  2161 50.8786 1.5974 0.0880458
  2162 50.9286 1.50849 0.0831452
  2163 50.9786 1.68032 0.092616
  2164 51.0286 1.64336 0.0905787
  2165 51.0786 1.58442 0.08733
  2166 51.1286 1.62238 0.0894224
  2167 51.1786 1.58541 0.087385
  2168 51.2286 1.60639 0.0885414
  2169 51.2786 1.64835 0.090854
  2170 51.3286 1.58841 0.0875502
  2171 51.3786 1.62737 0.0896977
  2172 51.4286 1.61838 0.0892021
  2173 51.4786 1.58342 0.0872749
  2174 51.5286 1.55644 0.0857882
  2175 51.5786 1.55445 0.0856781
  2176 51.6286 1.54046 0.0849072
  2177 51.6786 1.48452 0.0818237
  2178 51.7286 1.51149 0.0833104
  2179 51.7786 1.61938 0.0892572
  2180 51.8286 1.56643 0.0863388
  2181 51.8786 1.51249 0.0833654
  2182 51.9286 1.5954 0.0879357
  2183 51.9786 1.54146 0.0849623
  2184 52.0286 1.52647 0.0841363
  2185 52.0786 1.56943 0.086504
  2186 52.1286 1.56943 0.086504
  2187 52.1786 1.61538 0.0890369
  2188 52.2286 1.56543 0.0862838
  2189 52.2786 1.52248 0.0839161
  2190 52.3286 1.54446 0.0851274
  2191 52.3786 1.57343 0.0867243
  2192 52.4286 1.58342 0.0872749
  2193 52.4786 1.61738 0.089147
  2194 52.5286 1.62138 0.0893673
  2195 52.5786 1.47652 0.0813832
  2196 52.6286 1.59441 0.0878806
  2197 52.6786 1.50749 0.0830901
  2198 52.7286 1.60639 0.0885414
  2199 52.7786 1.5964 0.0879907
  2200 52.8286 1.60939 0.0887065
  2201 52.8786 1.54745 0.0852926
  2202 52.9286 1.61039 0.0887616
  2203 52.9786 1.55045 0.0854578
  2204 53.0286 1.53646 0.0846869
  2205 53.0786 1.65335 0.0911293
  2206 53.1286 1.51548 0.0835306
  2207 53.1786 1.55045 0.0854578
  2208 53.2286 1.56543 0.0862838
  2209 53.2786 1.56943 0.086504
  2210 53.3286 1.5035 0.0828699
  2211 53.3786 1.54945 0.0854028
  2212 53.4286 1.45455 0.0801718
  2213 53.4786 1.60739 0.0885964
  2214 53.5286 1.51848 0.0836958
  2215 53.5786 1.54446 0.0851274
  2216 53.6286 1.58442 0.08733
  2217 53.6786 1.53646 0.0846869
  2218 53.7286 1.58841 0.0875502
  2219 53.7786 1.45155 0.0800066
  2220 53.8286 1.51049 0.0832553
  2221 53.8786 1.54246 0.0850173
  2222 53.9286 1.54446 0.0851274
  2223 53.9786 1.47353 0.081218
  2224 54.0286 1.51249 0.0833654
  2225 54.0786 1.55345 0.085623
  2226 54.1286 1.58342 0.0872749
  2227 54.1786 1.5954 0.0879357
  2228 54.2286 1.5954 0.0879357
  2229 54.2786 1.58442 0.08733
  2230 54.3286 1.56743 0.0863939
  2231 54.3786 1.5994 0.0881559
  2232 54.4286 1.6044 0.0884312
  2233 54.4786 1.51948 0.0837509
  2234 54.5286 1.54945 0.0854028
  2235 54.5786 1.56444 0.0862287
  2236 54.6286 1.61738 0.089147
  2237 54.6786 1.63237 0.089973
  2238 54.7286 1.58541 0.087385
  2239 54.7786 1.67133 0.0921204
  2240 54.8286 1.56543 0.0862838
  2241 54.8786 1.55245 0.0855679
  2242 54.9286 1.57243 0.0866692
  2243 54.9786 1.56144 0.0860635
  2244 55.0286 1.53247 0.0844667
  2245 55.0786 1.54845 0.0853477
  2246 55.1286 1.55844 0.0858983
  2247 55.1786 1.52647 0.0841363
  2248 55.2286 1.61139 0.0888167
  2249 55.2786 1.57942 0.0870546
  2250 55.3286 1.54745 0.0852926
  2251 55.3786 1.54845 0.0853477
  2252 55.4286 1.56643 0.0863388
  2253 55.4786 1.56044 0.0860085
  2254 55.5286 1.51548 0.0835306
  2255 55.5786 1.57542 0.0868344
  2256 55.6286 1.5974 0.0880458
  2257 55.6786 1.58941 0.0876053
  2258 55.7286 1.53746 0.084742
  2259 55.7786 1.67433 0.0922856
  2260 55.8286 1.62038 0.0893122
  2261 55.8786 1.62038 0.0893122
  2262 55.9286 1.54446 0.0851274
  2263 55.9786 1.58641 0.0874401
  2264 56.0286 1.54046 0.0849072
  2265 56.0786 1.61638 0.089092
  2266 56.1286 1.55844 0.0858983
  2267 56.1786 1.63736 0.0902483
  2268 56.2286 1.56743 0.0863939
  2269 56.2786 1.54446 0.0851274
  2270 56.3286 1.59141 0.0877154
  2271 56.3786 1.57842 0.0869996
  2272 56.4286 1.52747 0.0841914
  2273 56.4786 1.6014 0.088266
  2274 56.5286 1.56044 0.0860085
  2275 56.5786 1.6024 0.0883211
  2276 56.6286 1.57842 0.0869996
  2277 56.6786 1.53447 0.0845768
  2278 56.7286 1.54046 0.0849072
  2279 56.7786 1.55644 0.0857882
  2280 56.8286 1.62937 0.0898078
  2281 56.8786 1.59441 0.0878806
  2282 56.9286 1.58841 0.0875502
  2283 56.9786 1.56943 0.086504
  2284 57.0286 1.65035 0.0909641
  2285 57.0786 1.54146 0.0849623
  2286 57.1286 1.31868 0.0726832
