# Chunk-averaged data for fix avDen and group all
# Timestep Number-of-chunks Total-count
# Chunk Coord1 Ncount density/number
100000 2286 8360352
  1 -57.1214 1.45754 0.080337
  2 -57.0714 1.50549 0.08298
  3 -57.0214 1.44056 0.0794009
  4 -56.9714 1.45155 0.0800066
  5 -56.9214 1.44655 0.0797313
  6 -56.8714 1.47552 0.0813281
  7 -56.8214 1.48452 0.0818237
  8 -56.7714 1.39161 0.0767028
  9 -56.7214 1.44256 0.079511
  10 -56.6714 1.52248 0.0839161
  11 -56.6214 1.48851 0.0820439
  12 -56.5714 1.47353 0.081218
  13 -56.5214 1.50649 0.083035
  14 -56.4714 1.51648 0.0835857
  15 -56.4214 1.49451 0.0823743
  16 -56.3714 1.46354 0.0806673
  17 -56.3214 1.51349 0.0834205
  18 -56.2714 1.45155 0.0800066
  19 -56.2214 1.46953 0.0809977
  20 -56.1714 1.46154 0.0805572
  21 -56.1214 1.55345 0.085623
  22 -56.0714 1.50949 0.0832002
  23 -56.0214 1.42458 0.0785199
  24 -55.9714 1.42158 0.0783547
  25 -55.9214 1.46254 0.0806123
  26 -55.8714 1.43257 0.0789604
  27 -55.8214 1.44156 0.079456
  28 -55.7714 1.45854 0.080392
  29 -55.7214 1.50949 0.0832002
  30 -55.6714 1.43157 0.0789053
  31 -55.6214 1.47253 0.0811629
  32 -55.5714 1.46054 0.0805021
  33 -55.5214 1.44156 0.079456
  34 -55.4714 1.43257 0.0789604
  35 -55.4214 1.46254 0.0806123
  36 -55.3714 1.39061 0.0766477
  37 -55.3214 1.44456 0.0796211
  38 -55.2714 1.46753 0.0808876
  39 -55.2214 1.44056 0.0794009
  40 -55.1714 1.48551 0.0818787
  41 -55.1214 1.44156 0.079456
  42 -55.0714 1.4026 0.0773085
  43 -55.0214 1.46154 0.0805572
  44 -54.9714 1.47153 0.0811078
  45 -54.9214 1.45355 0.0801167
  46 -54.8714 1.35365 0.0746104
  47 -54.8214 1.45155 0.0800066
  48 -54.7714 1.44356 0.0795661
  49 -54.7214 1.44056 0.0794009
  50 -54.6714 1.38462 0.0763174
  51 -54.6214 1.46254 0.0806123
  52 -54.5714 1.54246 0.0850173
  53 -54.5214 1.43756 0.0792357
  54 -54.4714 1.53746 0.084742
  55 -54.4214 1.45554 0.0802268
  56 -54.3714 1.56144 0.0860635
  57 -54.3214 1.5045 0.0829249
  58 -54.2714 1.47552 0.0813281
  59 -54.2214 1.44655 0.0797313
  60 -54.1714 1.58042 0.0871097
  61 -54.1214 1.56643 0.0863388
  62 -54.0714 1.44755 0.0797863
  63 -54.0214 1.48851 0.0820439
  64 -53.9714 1.5025 0.0828148
  65 -53.9214 1.44755 0.0797863
  66 -53.8714 1.48751 0.0819889
  67 -53.8214 1.4985 0.0825945
  68 -53.7714 1.51449 0.0834756
  69 -53.7214 1.44056 0.0794009
  70 -53.6714 1.47552 0.0813281
  71 -53.6214 1.47153 0.0811078
  72 -53.5714 1.43856 0.0792908
  73 -53.5214 1.45355 0.0801167
  74 -53.4714 1.44356 0.0795661
  75 -53.4214 1.49351 0.0823192
  76 -53.3714 1.5025 0.0828148
  77 -53.3214 1.6014 0.088266
  78 -53.2714 1.57842 0.0869996
  79 -53.2214 1.57243 0.0866692
  80 -53.1714 1.5994 0.0881559
  81 -53.1214 1.4965 0.0824844
  82 -53.0714 1.45954 0.0804471
  83 -53.0214 1.48651 0.0819338
  84 -52.9714 1.48452 0.0818237
  85 -52.9214 1.52847 0.0842464
  86 -52.8714 1.52148 0.083861
  87 -52.8214 1.48452 0.0818237
  88 -52.7714 1.53147 0.0844116
  89 -52.7214 1.5025 0.0828148
  90 -52.6714 1.48252 0.0817135
  91 -52.6214 1.47253 0.0811629
  92 -52.5714 1.4995 0.0826496
  93 -52.5214 1.47053 0.0810528
  94 -52.4714 1.55844 0.0858983
  95 -52.4214 1.48052 0.0816034
  96 -52.3714 1.51049 0.0832553
  97 -52.3214 1.54346 0.0850724
  98 -52.2714 1.45255 0.0800616
  99 -52.2214 1.54246 0.0850173
  100 -52.1714 1.55145 0.0855129
  101 -52.1214 1.56244 0.0861186
  102 -52.0714 1.55744 0.0858433
  103 -52.0214 1.49151 0.0822091
  104 -51.9714 1.4965 0.0824844
  105 -51.9214 1.53646 0.0846869
  106 -51.8714 1.53746 0.084742
  107 -51.8214 1.51049 0.0832553
  108 -51.7714 1.56044 0.0860085
  109 -51.7214 1.4995 0.0826496
  110 -51.6714 1.54346 0.0850724
  111 -51.6214 1.57443 0.0867793
  112 -51.5714 1.54545 0.0851825
  113 -51.5214 1.52647 0.0841363
  114 -51.4714 1.46853 0.0809427
  115 -51.4214 1.53746 0.084742
  116 -51.3714 1.47153 0.0811078
  117 -51.3214 1.5035 0.0828699
  118 -51.2714 1.52448 0.0840262
  119 -51.2214 1.56244 0.0861186
  120 -51.1714 1.4036 0.0773636
  121 -51.1214 1.54346 0.0850724
  122 -51.0714 1.48951 0.082099
  123 -51.0214 1.48651 0.0819338
  124 -50.9714 1.5045 0.0829249
  125 -50.9214 1.55445 0.0856781
  126 -50.8714 1.57443 0.0867793
  127 -50.8214 1.51648 0.0835857
  128 -50.7714 1.52647 0.0841363
  129 -50.7214 1.54346 0.0850724
  130 -50.6714 1.59441 0.0878806
  131 -50.6214 1.55744 0.0858433
  132 -50.5714 1.5045 0.0829249
  133 -50.5214 1.52547 0.0840812
  134 -50.4714 1.44855 0.0798414
  135 -50.4214 1.48851 0.0820439
  136 -50.3714 1.56244 0.0861186
  137 -50.3214 1.5045 0.0829249
  138 -50.2714 1.43856 0.0792908
  139 -50.2214 1.5035 0.0828699
  140 -50.1714 1.5005 0.0827047
  141 -50.1214 1.5045 0.0829249
  142 -50.0714 1.46454 0.0807224
  143 -50.0214 1.51548 0.0835306
  144 -49.9714 1.57243 0.0866692
  145 -49.9214 1.63037 0.0898629
  146 -49.8714 1.5005 0.0827047
  147 -49.8214 1.56144 0.0860635
  148 -49.7714 1.59241 0.0877705
  149 -49.7214 1.55445 0.0856781
  150 -49.6714 1.51948 0.0837509
  151 -49.6214 1.53546 0.0846319
  152 -49.5714 1.48751 0.0819889
  153 -49.5214 1.5015 0.0827597
  154 -49.4714 1.54745 0.0852926
  155 -49.4214 1.48352 0.0817686
  156 -49.3714 1.44456 0.0796211
  157 -49.3214 1.48052 0.0816034
  158 -49.2714 1.46054 0.0805021
  159 -49.2214 1.48751 0.0819889
  160 -49.1714 1.45455 0.0801718
  161 -49.1214 1.53147 0.0844116
  162 -49.0714 1.53447 0.0845768
  163 -49.0214 1.50649 0.083035
  164 -48.9714 1.55644 0.0857882
  165 -48.9214 1.5984 0.0881008
  166 -48.8714 1.57842 0.0869996
  167 -48.8214 1.54046 0.0849072
  168 -48.7714 1.52547 0.0840812
  169 -48.7214 1.48851 0.0820439
  170 -48.6714 1.49251 0.0822642
  171 -48.6214 1.52248 0.0839161
  172 -48.5714 1.51848 0.0836958
  173 -48.5214 1.56144 0.0860635
  174 -48.4714 1.55145 0.0855129
  175 -48.4214 1.55245 0.0855679
  176 -48.3714 1.47852 0.0814933
  177 -48.3214 1.48951 0.082099
  178 -48.2714 1.46254 0.0806123
  179 -48.2214 1.53347 0.0845217
  180 -48.1714 1.46753 0.0808876
  181 -48.1214 1.55944 0.0859534
  182 -48.0714 1.55644 0.0857882
  183 -48.0214 1.51249 0.0833654
  184 -47.9714 1.52348 0.0839711
  185 -47.9214 1.4985 0.0825945
  186 -47.8714 1.45654 0.0802819
  187 -47.8214 1.44555 0.0796762
  188 -47.7714 1.5015 0.0827597
  189 -47.7214 1.46953 0.0809977
  190 -47.6714 1.51648 0.0835857
  191 -47.6214 1.58242 0.0872198
  192 -47.5714 1.51449 0.0834756
  193 -47.5214 1.51149 0.0833104
  194 -47.4714 1.46254 0.0806123
  195 -47.4214 1.51349 0.0834205
  196 -47.3714 1.55844 0.0858983
  197 -47.3214 1.55145 0.0855129
  198 -47.2714 1.53247 0.0844667
  199 -47.2214 1.55544 0.0857331
  200 -47.1714 1.55644 0.0857882
  201 -47.1214 1.66134 0.0915698
  202 -47.0714 1.63037 0.0898629
  203 -47.0214 1.62637 0.0896426
  204 -46.9714 1.58442 0.08733
  205 -46.9214 1.63437 0.0900831
  206 -46.8714 1.62737 0.0896977
  207 -46.8214 1.52947 0.0843015
  208 -46.7714 1.52448 0.0840262
  209 -46.7214 1.55345 0.085623
  210 -46.6714 1.55145 0.0855129
  211 -46.6214 1.56244 0.0861186
  212 -46.5714 1.60839 0.0886515
  213 -46.5214 1.43756 0.0792357
  214 -46.4714 1.51349 0.0834205
  215 -46.4214 1.58042 0.0871097
  216 -46.3714 1.57642 0.0868895
  217 -46.3214 1.51449 0.0834756
  218 -46.2714 1.52547 0.0840812
  219 -46.2214 1.59241 0.0877705
  220 -46.1714 1.48951 0.082099
  221 -46.1214 1.50549 0.08298
  222 -46.0714 1.51948 0.0837509
  223 -46.0214 1.47952 0.0815483
  224 -45.9714 1.54945 0.0854028
  225 -45.9214 1.46953 0.0809977
  226 -45.8714 1.54146 0.0849623
  227 -45.8214 1.50849 0.0831452
  228 -45.7714 1.51848 0.0836958
  229 -45.7214 1.4995 0.0826496
  230 -45.6714 1.55345 0.085623
  231 -45.6214 1.54545 0.0851825
  232 -45.5714 1.62637 0.0896426
  233 -45.5214 1.54945 0.0854028
  234 -45.4714 1.6024 0.0883211
  235 -45.4214 1.5974 0.0880458
  236 -45.3714 1.57143 0.0866141
  237 -45.3214 1.55445 0.0856781
  238 -45.2714 1.56144 0.0860635
  239 -45.2214 1.54146 0.0849623
  240 -45.1714 1.61139 0.0888167
  241 -45.1214 1.58541 0.087385
  242 -45.0714 1.61139 0.0888167
  243 -45.0214 1.54645 0.0852376
  244 -44.9714 1.59141 0.0877154
  245 -44.9214 1.5964 0.0879907
  246 -44.8714 1.60839 0.0886515
  247 -44.8214 1.56543 0.0862838
  248 -44.7714 1.61538 0.0890369
  249 -44.7214 1.52947 0.0843015
  250 -44.6714 1.62737 0.0896977
  251 -44.6214 1.55944 0.0859534
  252 -44.5714 1.56943 0.086504
  253 -44.5214 1.56643 0.0863388
  254 -44.4714 1.5015 0.0827597
  255 -44.4214 1.55245 0.0855679
  256 -44.3714 1.54545 0.0851825
  257 -44.3214 1.57443 0.0867793
  258 -44.2714 1.54346 0.0850724
  259 -44.2214 1.55944 0.0859534
  260 -44.1714 1.52547 0.0840812
  261 -44.1214 1.54346 0.0850724
  262 -44.0714 1.51948 0.0837509
  263 -44.0214 1.54745 0.0852926
  264 -43.9714 1.52547 0.0840812
  265 -43.9214 1.45355 0.0801167
  266 -43.8714 1.53447 0.0845768
  267 -43.8214 1.54446 0.0851274
  268 -43.7714 1.61638 0.089092
  269 -43.7214 1.61139 0.0888167
  270 -43.6714 1.56244 0.0861186
  271 -43.6214 1.57243 0.0866692
  272 -43.5714 1.59341 0.0878255
  273 -43.5214 1.52248 0.0839161
  274 -43.4714 1.51548 0.0835306
  275 -43.4214 1.54945 0.0854028
  276 -43.3714 1.61339 0.0889268
  277 -43.3214 1.56244 0.0861186
  278 -43.2714 1.51848 0.0836958
  279 -43.2214 1.58342 0.0872749
  280 -43.1714 1.56044 0.0860085
  281 -43.1214 1.58242 0.0872198
  282 -43.0714 1.52547 0.0840812
  283 -43.0214 1.66034 0.0915148
  284 -42.9714 1.54745 0.0852926
  285 -42.9214 1.62737 0.0896977
  286 -42.8714 1.63736 0.0902483
  287 -42.8214 1.57642 0.0868895
  288 -42.7714 1.55944 0.0859534
  289 -42.7214 1.61339 0.0889268
  290 -42.6714 1.58941 0.0876053
  291 -42.6214 1.51548 0.0835306
  292 -42.5714 1.5964 0.0879907
  293 -42.5214 1.67033 0.0920654
  294 -42.4714 1.63437 0.0900831
  295 -42.4214 1.58242 0.0872198
  296 -42.3714 1.58841 0.0875502
  297 -42.3214 1.62238 0.0894224
  298 -42.2714 1.59341 0.0878255
  299 -42.2214 1.57942 0.0870546
  300 -42.1714 1.63636 0.0901932
  301 -42.1214 1.5954 0.0879357
  302 -42.0714 1.53846 0.0847971
  303 -42.0214 1.56943 0.086504
  304 -41.9714 1.58941 0.0876053
  305 -41.9214 1.57443 0.0867793
  306 -41.8714 1.58042 0.0871097
  307 -41.8214 1.59341 0.0878255
  308 -41.7714 1.66533 0.0917901
  309 -41.7214 1.66434 0.091735
  310 -41.6714 1.6044 0.0884312
  311 -41.6214 1.53047 0.0843566
  312 -41.5714 1.6953 0.093442
  313 -41.5214 1.73626 0.0956995
  314 -41.4714 1.67133 0.0921204
  315 -41.4214 1.60639 0.0885414
  316 -41.3714 1.73726 0.0957546
  317 -41.3214 1.72128 0.0948736
  318 -41.2714 1.73327 0.0955344
  319 -41.2214 1.71029 0.0942679
  320 -41.1714 1.64036 0.0904135
  321 -41.1214 1.71528 0.0945432
  322 -41.0714 1.65634 0.0912945
  323 -41.0214 1.66633 0.0918451
  324 -40.9714 1.7003 0.0937173
  325 -40.9214 1.73427 0.0955894
  326 -40.8714 1.74525 0.0961951
  327 -40.8214 1.74925 0.0964154
  328 -40.7714 1.75624 0.0968008
  329 -40.7214 1.66833 0.0919553
  330 -40.6714 1.67433 0.0922856
  331 -40.6214 1.75225 0.0965806
  332 -40.5714 1.72927 0.0953141
  333 -40.5214 1.68931 0.0931116
  334 -40.4714 1.68032 0.092616
  335 -40.4214 1.70829 0.0941578
  336 -40.3714 1.68232 0.0927261
  337 -40.3214 1.69331 0.0933318
  338 -40.2714 1.65834 0.0914046
  339 -40.2214 1.73626 0.0956995
  340 -40.1714 1.74825 0.0963603
  341 -40.1214 1.73427 0.0955894
  342 -40.0714 1.73826 0.0958097
  343 -40.0214 1.78122 0.0981774
  344 -39.9714 1.72627 0.0951489
  345 -39.9214 1.73227 0.0954793
  346 -39.8714 1.73427 0.0955894
  347 -39.8214 1.74625 0.0962502
  348 -39.7714 1.73227 0.0954793
  349 -39.7214 1.74825 0.0963603
  350 -39.6714 1.72328 0.0949837
  351 -39.6214 1.67433 0.0922856
  352 -39.5714 1.71129 0.094323
  353 -39.5214 1.6973 0.0935521
  354 -39.4714 1.6983 0.0936071
  355 -39.4214 1.66334 0.0916799
  356 -39.3714 1.69031 0.0931666
  357 -39.3214 1.67233 0.0921755
  358 -39.2714 1.65035 0.0909641
  359 -39.2214 1.67333 0.0922306
  360 -39.1714 1.78122 0.0981774
  361 -39.1214 1.84416 0.101646
  362 -39.0714 1.80719 0.099609
  363 -39.0214 1.77423 0.0977919
  364 -38.9714 1.73227 0.0954793
  365 -38.9214 1.73826 0.0958097
  366 -38.8714 1.67532 0.0923407
  367 -38.8214 1.72827 0.095259
  368 -38.7714 1.78821 0.0985628
  369 -38.7214 1.73826 0.0958097
  370 -38.6714 1.75225 0.0965806
  371 -38.6214 1.83217 0.100986
  372 -38.5714 1.76124 0.0970761
  373 -38.5214 1.85514 0.102252
  374 -38.4714 1.69431 0.0933869
  375 -38.4214 1.68831 0.0930565
  376 -38.3714 1.68432 0.0928363
  377 -38.3214 1.73427 0.0955894
  378 -38.2714 1.64236 0.0905236
  379 -38.2214 1.67433 0.0922856
  380 -38.1714 1.74525 0.0961951
  381 -38.1214 1.74326 0.096085
  382 -38.0714 1.74725 0.0963052
  383 -38.0214 1.75425 0.0966907
  384 -37.9714 1.81419 0.0999945
  385 -37.9214 1.73926 0.0958647
  386 -37.8714 1.71828 0.0947084
  387 -37.8214 1.78422 0.0983426
  388 -37.7714 1.7003 0.0937173
  389 -37.7214 1.72727 0.095204
  390 -37.6714 1.76124 0.0970761
  391 -37.6214 1.78022 0.0981223
  392 -37.5714 1.71828 0.0947084
  393 -37.5214 1.72228 0.0949287
  394 -37.4714 1.76923 0.0975166
  395 -37.4214 1.78521 0.0983976
  396 -37.3714 1.77023 0.0975717
  397 -37.3214 1.80519 0.0994989
  398 -37.2714 1.78022 0.0981223
  399 -37.2214 1.84715 0.101812
  400 -37.1714 1.74525 0.0961951
  401 -37.1214 1.75225 0.0965806
  402 -37.0714 1.89111 0.104234
  403 -37.0214 1.78921 0.0986179
  404 -36.9714 1.7972 0.0990584
  405 -36.9214 1.79321 0.0988381
  406 -36.8714 1.73726 0.0957546
  407 -36.8214 1.8022 0.0993337
  408 -36.7714 1.75025 0.0964704
  409 -36.7214 1.77922 0.0980673
  410 -36.6714 1.77223 0.0976818
  411 -36.6214 1.76823 0.0974616
  412 -36.5714 1.78621 0.0984527
  413 -36.5214 1.80719 0.099609
  414 -36.4714 1.77123 0.0976268
  415 -36.4214 1.78422 0.0983426
  416 -36.3714 1.79021 0.0986729
  417 -36.3214 1.75025 0.0964704
  418 -36.2714 1.81319 0.0999394
  419 -36.2214 1.8042 0.0994438
  420 -36.1714 1.77822 0.0980122
  421 -36.1214 1.83317 0.101041
  422 -36.0714 1.75924 0.096966
  423 -36.0214 1.81718 0.10016
  424 -35.9714 1.84615 0.101756
  425 -35.9214 1.76723 0.0974065
  426 -35.8714 1.84715 0.101812
  427 -35.8214 1.90609 0.10506
  428 -35.7714 1.90709 0.105115
  429 -35.7214 1.86314 0.102693
  430 -35.6714 1.92008 0.105831
  431 -35.6214 1.90609 0.10506
  432 -35.5714 1.95005 0.107483
  433 -35.5214 1.88511 0.103904
  434 -35.4714 1.92208 0.105941
  435 -35.4214 1.86913 0.103023
  436 -35.3714 1.88112 0.103684
  437 -35.3214 1.97203 0.108694
  438 -35.2714 1.87512 0.103353
  439 -35.2214 1.78921 0.0986179
  440 -35.1714 1.91009 0.105281
  441 -35.1214 1.87612 0.103408
  442 -35.0714 1.97303 0.108749
  443 -35.0214 1.98402 0.109355
  444 -34.9714 2.03796 0.112329
  445 -34.9214 1.88811 0.104069
  446 -34.8714 1.97802 0.109025
  447 -34.8214 1.9021 0.10484
  448 -34.7714 1.83417 0.101096
  449 -34.7214 1.89011 0.104179
  450 -34.6714 1.95305 0.107648
  451 -34.6214 1.8971 0.104565
  452 -34.5714 1.98801 0.109575
  453 -34.5214 1.84515 0.101701
  454 -34.4714 1.86114 0.102582
  455 -34.4214 1.85914 0.102472
  456 -34.3714 1.93307 0.106547
  457 -34.3214 1.90609 0.10506
  458 -34.2714 2.01898 0.111282
  459 -34.2214 2.00599 0.110567
  460 -34.1714 1.96104 0.108089
  461 -34.1214 1.98202 0.109245
  462 -34.0714 2.03497 0.112163
  463 -34.0214 1.9011 0.104785
  464 -33.9714 1.97403 0.108805
  465 -33.9214 1.96104 0.108089
  466 -33.8714 1.88711 0.104014
  467 -33.8214 1.8951 0.104455
  468 -33.7714 2.004 0.110456
  469 -33.7214 1.85914 0.102472
  470 -33.6714 1.86513 0.102803
  471 -33.6214 1.94705 0.107318
  472 -33.5714 1.84915 0.101922
  473 -33.5214 1.95205 0.107593
  474 -33.4714 1.94805 0.107373
  475 -33.4214 1.93706 0.106767
  476 -33.3714 1.98601 0.109465
  477 -33.3214 2.01099 0.110842
  478 -33.2714 1.98701 0.10952
  479 -33.2214 2.02997 0.111888
  480 -33.1714 2.00599 0.110567
  481 -33.1214 2.01898 0.111282
  482 -33.0714 1.997 0.110071
  483 -33.0214 1.98302 0.1093
  484 -32.9714 2.003 0.110401
  485 -32.9214 1.94905 0.107428
  486 -32.8714 1.96603 0.108364
  487 -32.8214 1.97303 0.108749
  488 -32.7714 1.97902 0.10908
  489 -32.7214 2.03397 0.112108
  490 -32.6714 2.03596 0.112218
  491 -32.6214 2.01099 0.110842
  492 -32.5714 1.97003 0.108584
  493 -32.5214 1.97103 0.108639
  494 -32.4714 1.97602 0.108915
  495 -32.4214 2.03796 0.112329
  496 -32.3714 1.97802 0.109025
  497 -32.3214 1.94106 0.106987
  498 -32.2714 2.004 0.110456
  499 -32.2214 1.97403 0.108805
  500 -32.1714 1.98701 0.10952
  501 -32.1214 1.98901 0.10963
  502 -32.0714 2.00899 0.110732
  503 -32.0214 2.02298 0.111503
  504 -31.9714 2.01099 0.110842
  505 -31.9214 2.15385 0.118716
  506 -31.8714 2.05694 0.113375
  507 -31.8214 2.05694 0.113375
  508 -31.7714 1.98402 0.109355
  509 -31.7214 2.05395 0.11321
  510 -31.6714 1.95504 0.107758
  511 -31.6214 2.03596 0.112218
  512 -31.5714 2.08791 0.115082
  513 -31.5214 2.05794 0.11343
  514 -31.4714 2.03097 0.111943
  515 -31.4214 2.03397 0.112108
  516 -31.3714 2.08092 0.114696
  517 -31.3214 2.05694 0.113375
  518 -31.2714 2.03297 0.112053
  519 -31.2214 2.07592 0.114421
  520 -31.1714 2.005 0.110511
  521 -31.1214 2.01299 0.110952
  522 -31.0714 2.02997 0.111888
  523 -31.0214 2.0989 0.115687
  524 -30.9714 2.03796 0.112329
  525 -30.9214 2.13786 0.117835
  526 -30.8714 2.07592 0.114421
  527 -30.8214 2.12687 0.117229
  528 -30.7714 2.12887 0.117339
  529 -30.7214 2.13786 0.117835
  530 -30.6714 2.07393 0.114311
  531 -30.6214 2.10789 0.116183
  532 -30.5714 2.09391 0.115412
  533 -30.5214 2.15884 0.118991
  534 -30.4714 2.09491 0.115467
  535 -30.4214 2.08991 0.115192
  536 -30.3714 2.11189 0.116403
  537 -30.3214 2.13287 0.11756
  538 -30.2714 2.15784 0.118936
  539 -30.2214 2.18581 0.120478
  540 -30.1714 2.23976 0.123451
  541 -30.1214 2.09291 0.115357
  542 -30.0714 2.16883 0.119542
  543 -30.0214 2.22577 0.12268
  544 -29.9714 2.14985 0.118496
  545 -29.9214 2.08092 0.114696
  546 -29.8714 2.21778 0.12224
  547 -29.8214 2.17083 0.119652
  548 -29.7714 2.12088 0.116899
  549 -29.7214 2.14985 0.118496
  550 -29.6714 2.18182 0.120258
  551 -29.6214 2.18282 0.120313
  552 -29.5714 2.26873 0.125048
  553 -29.5214 2.19181 0.120808
  554 -29.4714 2.17882 0.120092
  555 -29.4214 2.18781 0.120588
  556 -29.3714 2.23277 0.123066
  557 -29.3214 2.19481 0.120973
  558 -29.2714 2.11389 0.116513
  559 -29.2214 2.16384 0.119267
  560 -29.1714 2.13786 0.117835
  561 -29.1214 2.16983 0.119597
  562 -29.0714 2.25375 0.124222
  563 -29.0214 2.18482 0.120423
  564 -28.9714 2.2038 0.121469
  565 -28.9214 2.23177 0.123011
  566 -28.8714 2.14785 0.118386
  567 -28.8214 2.23976 0.123451
  568 -28.7714 2.26174 0.124663
  569 -28.7214 2.28771 0.126094
  570 -28.6714 2.24176 0.123561
  571 -28.6214 2.17483 0.119872
  572 -28.5714 2.28671 0.126039
  573 -28.5214 2.20779 0.121689
  574 -28.4714 2.1978 0.121139
  575 -28.4214 2.16583 0.119377
  576 -28.3714 2.28671 0.126039
  577 -28.3214 2.24575 0.123782
  578 -28.2714 2.17183 0.119707
  579 -28.2214 2.18781 0.120588
  580 -28.1714 2.29171 0.126315
  581 -28.1214 2.26973 0.125103
  582 -28.0714 2.26074 0.124608
  583 -28.0214 2.22577 0.12268
  584 -27.9714 2.18182 0.120258
  585 -27.9214 2.31868 0.127801
  586 -27.8714 2.32667 0.128242
  587 -27.8214 2.23676 0.123286
  588 -27.7714 2.25475 0.124277
  589 -27.7214 2.24376 0.123672
  590 -27.6714 2.34865 0.129453
  591 -27.6214 2.37363 0.13083
  592 -27.5714 2.41459 0.133087
  593 -27.5214 2.2997 0.126755
  594 -27.4714 2.33467 0.128682
  595 -27.4214 2.4036 0.132482
  596 -27.3714 2.44655 0.134849
  597 -27.3214 2.36663 0.130444
  598 -27.2714 2.4046 0.132537
  599 -27.2214 2.2997 0.126755
  600 -27.1714 2.33766 0.128847
  601 -27.1214 2.28172 0.125764
  602 -27.0714 2.42058 0.133418
  603 -27.0214 2.40859 0.132757
  604 -26.9714 2.38162 0.13127
  605 -26.9214 2.35465 0.129784
  606 -26.8714 2.37962 0.13116
  607 -26.8214 2.38961 0.131711
  608 -26.7714 2.25175 0.124112
  609 -26.7214 2.35764 0.129949
  610 -26.6714 2.38262 0.131325
  611 -26.6214 2.35265 0.129673
  612 -26.5714 2.26474 0.124828
  613 -26.5214 2.35465 0.129784
  614 -26.4714 2.26873 0.125048
  615 -26.4214 2.44456 0.134739
  616 -26.3714 2.31469 0.127581
  617 -26.3214 2.37862 0.131105
  618 -26.2714 2.41758 0.133253
  619 -26.2214 2.3037 0.126975
  620 -26.1714 2.45455 0.13529
  621 -26.1214 2.36064 0.130114
  622 -26.0714 2.51449 0.138594
  623 -26.0214 2.43457 0.134189
  624 -25.9714 2.4026 0.132427
  625 -25.9214 2.45055 0.13507
  626 -25.8714 2.44156 0.134574
  627 -25.8214 2.38661 0.131546
  628 -25.7714 2.47752 0.136556
  629 -25.7214 2.47253 0.136281
  630 -25.6714 2.37762 0.13105
  631 -25.6214 2.40559 0.132592
  632 -25.5714 2.41059 0.132867
  633 -25.5214 2.36863 0.130554
  634 -25.4714 2.3956 0.132041
  635 -25.4214 2.35465 0.129784
  636 -25.3714 2.39161 0.131821
  637 -25.3214 2.43357 0.134134
  638 -25.2714 2.43656 0.134299
  639 -25.2214 2.43756 0.134354
  640 -25.1714 2.41758 0.133253
  641 -25.1214 2.4995 0.137768
  642 -25.0714 2.52348 0.139089
  643 -25.0214 2.51349 0.138539
  644 -24.9714 2.48551 0.136997
  645 -24.9214 2.50849 0.138263
  646 -24.8714 2.46553 0.135896
  647 -24.8214 2.63137 0.145036
  648 -24.7714 2.54845 0.140466
  649 -24.7214 2.5964 0.143109
  650 -24.6714 2.58641 0.142558
  651 -24.6214 2.53247 0.139585
  652 -24.5714 2.4965 0.137603
  653 -24.5214 2.51049 0.138373
  654 -24.4714 2.62537 0.144706
  655 -24.4214 2.65634 0.146413
  656 -24.3714 2.58042 0.142228
  657 -24.3214 2.56244 0.141237
  658 -24.2714 2.67033 0.147183
  659 -24.2214 2.65934 0.146578
  660 -24.1714 2.46753 0.136006
  661 -24.1214 2.55744 0.140961
  662 -24.0714 2.48551 0.136997
  663 -24.0214 2.56144 0.141182
  664 -23.9714 2.52148 0.138979
  665 -23.9214 2.50749 0.138208
  666 -23.8714 2.51548 0.138649
  667 -23.8214 2.57243 0.141787
  668 -23.7714 2.52647 0.139254
  669 -23.7214 2.60639 0.143659
  670 -23.6714 2.5974 0.143164
  671 -23.6214 2.59341 0.142944
  672 -23.5714 2.62438 0.144651
  673 -23.5214 2.59341 0.142944
  674 -23.4714 2.61838 0.14432
  675 -23.4214 2.59041 0.142778
  676 -23.3714 2.58941 0.142723
  677 -23.3214 2.61339 0.144045
  678 -23.2714 2.7033 0.149001
  679 -23.2214 2.67133 0.147239
  680 -23.1714 2.68731 0.14812
  681 -23.1214 2.58941 0.142723
  682 -23.0714 2.61139 0.143935
  683 -23.0214 2.6973 0.14867
  684 -22.9714 2.65634 0.146413
  685 -22.9214 2.62937 0.144926
  686 -22.8714 2.63936 0.145477
  687 -22.8214 2.6044 0.143549
  688 -22.7714 2.68032 0.147734
  689 -22.7214 2.66334 0.146798
  690 -22.6714 2.68731 0.14812
  691 -22.6214 2.7962 0.154121
  692 -22.5714 2.64735 0.145917
  693 -22.5214 2.6973 0.14867
  694 -22.4714 2.64436 0.145752
  695 -22.4214 2.69231 0.148395
  696 -22.3714 2.67932 0.147679
  697 -22.3214 2.76923 0.152635
  698 -22.2714 2.79321 0.153956
  699 -22.2214 2.74525 0.151313
  700 -22.1714 2.77722 0.153075
  701 -22.1214 2.71429 0.149606
  702 -22.0714 2.8002 0.154342
  703 -22.0214 2.72827 0.150377
  704 -21.9714 2.60639 0.143659
  705 -21.9214 2.76723 0.152525
  706 -21.8714 2.68631 0.148064
  707 -21.8214 2.75824 0.152029
  708 -21.7714 2.68232 0.147844
  709 -21.7214 2.93107 0.161555
  710 -21.6714 2.74126 0.151093
  711 -21.6214 2.83516 0.156269
  712 -21.5714 2.73427 0.150708
  713 -21.5214 2.85315 0.15726
  714 -21.4714 2.77722 0.153075
  715 -21.4214 2.81918 0.155388
  716 -21.3714 2.80519 0.154617
  717 -21.3214 2.77123 0.152745
  718 -21.2714 2.91608 0.160729
  719 -21.2214 2.86513 0.157921
  720 -21.1714 2.83916 0.156489
  721 -21.1214 2.84116 0.156599
  722 -21.0714 2.76024 0.152139
  723 -21.0214 2.93506 0.161775
  724 -20.9714 2.83516 0.156269
  725 -20.9214 2.94106 0.162106
  726 -20.8714 2.80519 0.154617
  727 -20.8214 2.97203 0.163813
  728 -20.7714 2.89311 0.159463
  729 -20.7214 2.95604 0.162932
  730 -20.6714 3.03596 0.167337
  731 -20.6214 3.03696 0.167392
  732 -20.5714 2.95205 0.162711
  733 -20.5214 2.90609 0.160178
  734 -20.4714 2.99301 0.164969
  735 -20.4214 2.95305 0.162766
  736 -20.3714 2.95704 0.162987
  737 -20.3214 3.05694 0.168493
  738 -20.2714 2.95904 0.163097
  739 -20.2214 3.002 0.165464
  740 -20.1714 2.94705 0.162436
  741 -20.1214 3.01299 0.16607
  742 -20.0714 3.03497 0.167281
  743 -20.0214 2.9011 0.159903
  744 -19.9714 3.06494 0.168933
  745 -19.9214 2.98202 0.164363
  746 -19.8714 3.002 0.165464
  747 -19.8214 2.91608 0.160729
  748 -19.7714 2.9041 0.160068
  749 -19.7214 2.85315 0.15726
  750 -19.6714 2.88911 0.159242
  751 -19.6214 2.83916 0.156489
  752 -19.5714 2.96703 0.163537
  753 -19.5214 2.96004 0.163152
  754 -19.4714 2.93806 0.16194
  755 -19.4214 3.01598 0.166235
  756 -19.3714 3.02098 0.166511
  757 -19.3214 3.04396 0.167777
  758 -19.2714 3.02897 0.166951
  759 -19.2214 2.96703 0.163537
  760 -19.1714 2.98102 0.164308
  761 -19.1214 3.10889 0.171356
  762 -19.0714 3.14585 0.173393
  763 -19.0214 3.12088 0.172017
  764 -18.9714 3.1019 0.170971
  765 -18.9214 3.15684 0.173999
  766 -18.8714 3.17582 0.175045
  767 -18.8214 3.05295 0.168273
  768 -18.7714 3.12987 0.172512
  769 -18.7214 3.06394 0.168878
  770 -18.6714 3.03796 0.167447
  771 -18.6214 2.98601 0.164583
  772 -18.5714 3.01199 0.166015
  773 -18.5214 3.12488 0.172237
  774 -18.4714 3.16284 0.17433
  775 -18.4214 3.14186 0.173173
  776 -18.3714 3.1988 0.176312
  777 -18.3214 3.14086 0.173118
  778 -18.2714 3.17882 0.175211
  779 -18.2214 3.20979 0.176918
  780 -18.1714 3.11089 0.171466
  781 -18.1214 3.23377 0.178239
  782 -18.0714 3.21079 0.176973
  783 -18.0214 3.24675 0.178955
  784 -17.9714 3.14186 0.173173
  785 -17.9214 3.16783 0.174605
  786 -17.8714 3.23177 0.178129
  787 -17.8214 3.07992 0.169759
  788 -17.7714 3.20779 0.176807
  789 -17.7214 3.1039 0.171081
  790 -17.6714 3.17483 0.17499
  791 -17.6214 3.20879 0.176862
  792 -17.5714 3.13586 0.172843
  793 -17.5214 3.28671 0.181157
  794 -17.4714 3.28971 0.181323
  795 -17.4214 3.2997 0.181873
  796 -17.3714 3.3976 0.187269
  797 -17.3214 3.33067 0.18358
  798 -17.2714 3.28072 0.180827
  799 -17.2214 3.31369 0.182644
  800 -17.1714 3.46354 0.190904
  801 -17.1214 3.38561 0.186609
  802 -17.0714 3.47952 0.191785
  803 -17.0214 3.43057 0.189086
  804 -16.9714 3.41059 0.187985
  805 -16.9214 3.33866 0.184021
  806 -16.8714 3.47453 0.191509
  807 -16.8214 3.49451 0.19261
  808 -16.7714 3.37463 0.186003
  809 -16.7214 3.37063 0.185783
  810 -16.6714 3.39061 0.186884
  811 -16.6214 3.38262 0.186443
  812 -16.5714 3.45954 0.190683
  813 -16.5214 3.50749 0.193326
  814 -16.4714 3.3996 0.187379
  815 -16.4214 3.49251 0.1925
  816 -16.3714 3.67832 0.202742
  817 -16.3214 3.59441 0.198117
  818 -16.2714 3.62837 0.199989
  819 -16.2214 3.58941 0.197841
  820 -16.1714 3.73127 0.20566
  821 -16.1214 3.85115 0.212268
  822 -16.0714 3.84016 0.211662
  823 -16.0214 3.86414 0.212984
  824 -15.9714 3.51149 0.193547
  825 -15.9214 3.1978 0.176257
  826 -15.8714 3.09091 0.170365
  827 -15.8214 2.87013 0.158196
  828 -15.7714 2.82817 0.155883
  829 -15.7214 2.58242 0.142338
  830 -15.6714 2.57043 0.141677
  831 -15.6214 2.45055 0.13507
  832 -15.5714 2.41159 0.132922
  833 -15.5214 2.33866 0.128903
  834 -15.4714 2.45954 0.135565
  835 -15.4214 2.3996 0.132261
  836 -15.3714 2.50849 0.138263
  837 -15.3214 2.47752 0.136556
  838 -15.2714 2.63137 0.145036
  839 -15.2214 2.74426 0.151258
  840 -15.1714 2.86114 0.157701
  841 -15.1214 3.08292 0.169925
  842 -15.0714 3.20879 0.176862
  843 -15.0214 3.52048 0.194042
  844 -14.9714 3.8951 0.214691
  845 -14.9214 4.27672 0.235725
  846 -14.8714 4.64735 0.256153
  847 -14.8214 4.67632 0.25775
  848 -14.7714 4.58841 0.252904
  849 -14.7214 4.73127 0.260779
  850 -14.6714 4.86613 0.268212
  851 -14.6214 4.97902 0.274434
  852 -14.5714 5.28172 0.291118
  853 -14.5214 5.04496 0.278068
  854 -14.4714 4.52348 0.249325
  855 -14.4214 4.24076 0.233743
  856 -14.3714 3.88112 0.21392
  857 -14.3214 3.64136 0.200705
  858 -14.2714 3.58042 0.197346
  859 -14.2214 3.53447 0.194813
  860 -14.1714 3.38661 0.186664
  861 -14.1214 3.47952 0.191785
  862 -14.0714 3.4985 0.192831
  863 -14.0214 3.67333 0.202467
  864 -13.9714 3.84416 0.211883
  865 -13.9214 4.12587 0.22741
  866 -13.8714 4.47852 0.246848
  867 -13.8214 4.67033 0.25742
  868 -13.7714 5.30969 0.29266
  869 -13.7214 5.63137 0.31039
  870 -13.6714 6.12787 0.337757
  871 -13.6214 6.20579 0.342052
  872 -13.5714 6.36763 0.350972
  873 -13.5214 6.42458 0.35411
  874 -13.4714 6.48452 0.357414
  875 -13.4214 6.7023 0.369418
  876 -13.3714 7.01299 0.386542
  877 -13.3214 6.43257 0.354551
  878 -13.2714 6.02398 0.33203
  879 -13.2214 5.42458 0.298992
  880 -13.1714 5.07592 0.279775
  881 -13.1214 4.60539 0.253841
  882 -13.0714 4.36364 0.240515
  883 -13.0214 4.28472 0.236165
  884 -12.9714 4.12687 0.227465
  885 -12.9214 4.22278 0.232751
  886 -12.8714 4.23177 0.233247
  887 -12.8214 4.24875 0.234183
  888 -12.7714 4.49051 0.247508
  889 -12.7214 4.6024 0.253675
  890 -12.6714 4.81019 0.265128
  891 -12.6214 5.08691 0.280381
  892 -12.5714 5.47253 0.301635
  893 -12.5214 5.84416 0.322119
  894 -12.4714 6.4036 0.352954
  895 -12.4214 6.73127 0.371015
  896 -12.3714 7.34066 0.404603
  897 -12.3214 8.03097 0.442652
  898 -12.2714 8.54645 0.471064
  899 -12.2214 9.10989 0.50212
  900 -12.1714 9.34865 0.51528
  901 -12.1214 9.08492 0.500743
  902 -12.0714 8.65135 0.476846
  903 -12.0214 8.2997 0.457464
  904 -11.9714 7.94905 0.438137
  905 -11.9214 7.75524 0.427454
  906 -11.8714 7.34166 0.404658
  907 -11.8214 7.29471 0.40207
  908 -11.7714 7.32867 0.403942
  909 -11.7214 7.27473 0.400969
  910 -11.6714 7.43556 0.409834
  911 -11.6214 7.49051 0.412863
  912 -11.5714 7.52348 0.41468
  913 -11.5214 7.70729 0.424811
  914 -11.4714 7.64735 0.421507
  915 -11.4214 7.63536 0.420847
  916 -11.3714 7.77123 0.428335
  917 -11.3214 7.75824 0.427619
  918 -11.2714 7.95005 0.438192
  919 -11.2214 7.90509 0.435714
  920 -11.1714 7.98402 0.440064
  921 -11.1214 8.01099 0.44155
  922 -11.0714 8.01299 0.441661
  923 -11.0214 8.19081 0.451462
  924 -10.9714 8.01299 0.441661
  925 -10.9214 8.11988 0.447552
  926 -10.8714 7.98801 0.440284
  927 -10.8214 7.91808 0.43643
  928 -10.7714 7.87113 0.433842
  929 -10.7214 7.84016 0.432135
  930 -10.6714 7.71828 0.425417
  931 -10.6214 7.63237 0.420682
  932 -10.5714 7.82617 0.431364
  933 -10.5214 7.71329 0.425142
  934 -10.4714 8.05794 0.444138
  935 -10.4214 7.93307 0.437256
  936 -10.3714 8.0959 0.446231
  937 -10.3214 8.17882 0.450801
  938 -10.2714 8.14785 0.449094
  939 -10.2214 8.14186 0.448764
  940 -10.1714 8.22577 0.453389
  941 -10.1214 8.21479 0.452783
  942 -10.0714 8.22577 0.453389
  943 -10.0214 8.30969 0.458014
  944 -9.97144 8.18282 0.451021
  945 -9.92144 8.05594 0.444028
  946 -9.87144 8.09091 0.445955
  947 -9.82144 8.1019 0.446561
  948 -9.77144 7.88811 0.434778
  949 -9.72144 7.99301 0.440559
  950 -9.67144 7.9011 0.435493
  951 -9.62144 8.01199 0.441605
  952 -9.57144 8.3047 0.457739
  953 -9.52144 8.13986 0.448654
  954 -9.47144 8.2977 0.457354
  955 -9.42144 8.14585 0.448984
  956 -9.37144 8.41159 0.463631
  957 -9.32144 8.41059 0.463576
  958 -9.27144 8.34865 0.460162
  959 -9.22144 8.44256 0.465338
  960 -9.17144 8.34965 0.460217
  961 -9.12144 8.55944 0.47178
  962 -9.07144 8.61538 0.474864
  963 -9.02144 8.51548 0.469357
  964 -8.97144 8.64935 0.476736
  965 -8.92144 8.52947 0.470128
  966 -8.87144 8.32168 0.458675
  967 -8.82144 8.4046 0.463245
  968 -8.77144 8.66434 0.477562
  969 -8.72144 8.70629 0.479874
  970 -8.67144 8.45355 0.465943
  971 -8.62144 8.84915 0.487748
  972 -8.57144 8.52647 0.469963
  973 -8.52144 8.51249 0.469192
  974 -8.47144 8.48851 0.467871
  975 -8.42144 8.5035 0.468697
  976 -8.37144 8.56044 0.471835
  977 -8.32144 8.52448 0.469853
  978 -8.27144 8.44855 0.465668
  979 -8.22144 8.68531 0.478718
  980 -8.17144 8.56444 0.472055
  981 -8.12144 8.3996 0.46297
  982 -8.07144 8.63836 0.47613
  983 -8.02144 8.83516 0.486977
  984 -7.97144 8.76623 0.483178
  985 -7.92144 8.61838 0.475029
  986 -7.87144 8.8022 0.48516
  987 -7.82144 8.9031 0.490722
  988 -7.77144 8.66034 0.477341
  989 -7.72144 8.56943 0.472331
  990 -7.67144 8.64336 0.476405
  991 -7.62144 8.68332 0.478608
  992 -7.57144 8.55844 0.471725
  993 -7.52144 8.38761 0.462309
  994 -7.47144 8.41459 0.463796
  995 -7.42144 8.54246 0.470844
  996 -7.37144 8.69331 0.479158
  997 -7.32144 8.67133 0.477947
  998 -7.27144 8.69231 0.479103
  999 -7.22144 8.85914 0.488299
  1000 -7.17144 8.78621 0.484279
  1001 -7.12144 8.94505 0.493034
  1002 -7.07144 8.85714 0.488189
  1003 -7.02144 8.91009 0.491107
  1004 -6.97144 8.94206 0.492869
  1005 -6.92144 8.96204 0.49397
  1006 -6.87144 9.09491 0.501294
  1007 -6.82144 8.8022 0.48516
  1008 -6.77144 8.91209 0.491217
  1009 -6.72144 8.79221 0.48461
  1010 -6.67144 8.96503 0.494136
  1011 -6.62144 8.4985 0.468421
  1012 -6.57144 8.8971 0.490391
  1013 -6.52144 8.75824 0.482738
  1014 -6.47144 8.75824 0.482738
  1015 -6.42144 8.94306 0.492924
  1016 -6.37144 8.82318 0.486317
  1017 -6.32144 8.81019 0.485601
  1018 -6.27144 8.83417 0.486922
  1019 -6.22144 9.06793 0.499807
  1020 -6.17144 9.05495 0.499091
  1021 -6.12144 9.11688 0.502505
  1022 -6.07144 9.07293 0.500082
  1023 -6.02144 9.10589 0.5019
  1024 -5.97144 9.16184 0.504983
  1025 -5.92144 9.1009 0.501624
  1026 -5.87144 9.12787 0.503111
  1027 -5.82144 9.01099 0.496669
  1028 -5.77144 9.04695 0.498651
  1029 -5.72144 9.14486 0.504047
  1030 -5.67144 9.0999 0.501569
  1031 -5.62144 8.9021 0.490667
  1032 -5.57144 9.03297 0.49788
  1033 -5.52144 8.80919 0.485546
  1034 -5.47144 8.86813 0.488795
  1035 -5.42144 9.01698 0.496999
  1036 -5.37144 9.06893 0.499862
  1037 -5.32144 9.1049 0.501844
  1038 -5.27144 9.06194 0.499477
  1039 -5.22144 9.12388 0.502891
  1040 -5.17144 9.14086 0.503827
  1041 -5.12144 9.1998 0.507075
  1042 -5.07144 9.14585 0.504102
  1043 -5.02144 8.97902 0.494907
  1044 -4.97144 9.2008 0.50713
  1045 -4.92144 9.09491 0.501294
  1046 -4.87144 9.31968 0.513683
  1047 -4.82144 9.28871 0.511976
  1048 -4.77144 9.23377 0.508948
  1049 -4.72144 9.23477 0.509003
  1050 -4.67144 9.3007 0.512637
  1051 -4.62144 9.23477 0.509003
  1052 -4.57144 9.12987 0.503221
  1053 -4.52144 9.1049 0.501844
  1054 -4.47144 9.25774 0.510269
  1055 -4.42144 9.31469 0.513408
  1056 -4.37144 9.33467 0.514509
  1057 -4.32144 9.43656 0.520125
  1058 -4.27144 9.32867 0.514179
  1059 -4.22144 9.29271 0.512196
  1060 -4.17144 9.47852 0.522438
  1061 -4.12144 9.19181 0.506635
  1062 -4.07144 9.33966 0.514784
  1063 -4.02144 9.24376 0.509498
  1064 -3.97144 9.31369 0.513353
  1065 -3.92144 9.56543 0.527229
  1066 -3.87144 9.48252 0.522658
  1067 -3.82144 9.61638 0.530037
  1068 -3.77144 9.38761 0.517427
  1069 -3.72144 9.3996 0.518088
  1070 -3.67144 9.3007 0.512637
  1071 -3.62144 9.27972 0.51148
  1072 -3.57144 9.2957 0.512361
  1073 -3.52144 9.21079 0.507681
  1074 -3.47144 9.33666 0.514619
  1075 -3.42144 9.24875 0.509774
  1076 -3.37144 9.23477 0.509003
  1077 -3.32144 9.28472 0.511756
  1078 -3.27144 9.42358 0.51941
  1079 -3.22144 9.43556 0.52007
  1080 -3.17144 9.31369 0.513353
  1081 -3.12144 9.22677 0.508562
  1082 -3.07144 9.23077 0.508782
  1083 -3.02144 9.32867 0.514179
  1084 -2.97144 9.45854 0.521337
  1085 -2.92144 9.35065 0.51539
  1086 -2.87144 9.64336 0.531523
  1087 -2.82144 9.46753 0.521832
  1088 -2.77144 9.35764 0.515775
  1089 -2.72144 9.52048 0.524751
  1090 -2.67144 9.53347 0.525466
  1091 -2.62144 9.43257 0.519905
  1092 -2.57144 9.48651 0.522879
  1093 -2.52144 9.55944 0.526898
  1094 -2.47144 9.6044 0.529376
  1095 -2.42144 9.49351 0.523264
  1096 -2.37144 9.31568 0.513463
  1097 -2.32144 9.45554 0.521172
  1098 -2.27144 9.3986 0.518033
  1099 -2.22144 9.41259 0.518804
  1100 -2.17144 9.46953 0.521942
  1101 -2.12144 9.30569 0.512912
  1102 -2.07144 9.32368 0.513903
  1103 -2.02144 9.34865 0.51528
  1104 -1.97144 9.48252 0.522658
  1105 -1.92144 9.76424 0.538186
  1106 -1.87144 9.62937 0.530753
  1107 -1.82144 9.71628 0.535543
  1108 -1.77144 9.81419 0.540939
  1109 -1.72144 9.77023 0.538516
  1110 -1.67144 9.58641 0.528385
  1111 -1.62144 9.59441 0.528825
  1112 -1.57144 9.44256 0.520456
  1113 -1.52144 9.51548 0.524475
  1114 -1.47144 9.42358 0.51941
  1115 -1.42144 9.22777 0.508617
  1116 -1.37144 9.48751 0.522934
  1117 -1.32144 9.53546 0.525577
  1118 -1.27144 9.23077 0.508782
  1119 -1.22144 9.30569 0.512912
  1120 -1.17144 9.07892 0.500413
  1121 -1.12144 9.25574 0.510159
  1122 -1.07144 9.45954 0.521392
  1123 -1.02144 9.45255 0.521006
  1124 -0.971438 9.4965 0.523429
  1125 -0.921438 9.63936 0.531303
  1126 -0.871438 9.78521 0.539342
  1127 -0.821438 9.95604 0.548758
  1128 -0.771438 9.99001 0.55063
  1129 -0.721438 9.88112 0.544628
  1130 -0.671438 9.74725 0.53725
  1131 -0.621438 9.64835 0.531799
  1132 -0.571438 9.54046 0.525852
  1133 -0.521438 9.63437 0.531028
  1134 -0.471438 9.63536 0.531083
  1135 -0.421438 9.4975 0.523484
  1136 -0.371438 9.44755 0.520731
  1137 -0.321438 9.2977 0.512472
  1138 -0.271438 9.3007 0.512637
  1139 -0.221438 9.42557 0.51952
  1140 -0.171438 9.42358 0.51941
  1141 -0.121438 9.45155 0.520951
  1142 -0.0714379 9.38462 0.517262
  1143 -0.0214379 9.17083 0.505479
  1144 0.0285621 9.26074 0.510434
  1145 0.0785621 9.51149 0.524255
  1146 0.128562 9.62737 0.530642
  1147 0.178562 9.59441 0.528825
  1148 0.228562 9.51948 0.524696
  1149 0.278562 9.51149 0.524255
  1150 0.328562 9.55145 0.526458
  1151 0.378562 9.54845 0.526292
  1152 0.428562 9.35664 0.51572
  1153 0.478562 9.35964 0.515886
  1154 0.528562 9.31069 0.513187
  1155 0.578562 9.35165 0.515445
  1156 0.628562 9.50649 0.52398
  1157 0.678562 9.41359 0.518859
  1158 0.728562 9.5025 0.52376
  1159 0.778562 9.07992 0.500468
  1160 0.828562 9.33067 0.514289
  1161 0.878562 9.24875 0.509774
  1162 0.928562 9.44655 0.520676
  1163 0.978562 9.49251 0.523209
  1164 1.02856 9.35365 0.515555
  1165 1.07856 9.47253 0.522108
  1166 1.12856 9.52847 0.525191
  1167 1.17856 9.4985 0.523539
  1168 1.22856 9.76424 0.538186
  1169 1.27856 9.68432 0.533781
  1170 1.32856 9.69031 0.534111
  1171 1.37856 9.43057 0.519795
  1172 1.42856 9.62537 0.530532
  1173 1.47856 9.52148 0.524806
  1174 1.52856 9.24376 0.509498
  1175 1.57856 9.44156 0.520401
  1176 1.62856 9.4995 0.523594
  1177 1.67856 9.32468 0.513958
  1178 1.72856 9.33367 0.514454
  1179 1.77856 9.32068 0.513738
  1180 1.82856 9.36364 0.516106
  1181 1.87856 9.53546 0.525577
  1182 1.92856 9.44156 0.520401
  1183 1.97856 9.44955 0.520841
  1184 2.02856 9.56743 0.527339
  1185 2.07856 9.48452 0.522768
  1186 2.12856 9.32567 0.514013
  1187 2.17856 9.26773 0.51082
  1188 2.22856 9.23377 0.508948
  1189 2.27856 9.37662 0.516822
  1190 2.32856 9.32567 0.514013
  1191 2.37856 9.47253 0.522108
  1192 2.42856 9.45155 0.520951
  1193 2.47856 9.45355 0.521061
  1194 2.52856 9.44356 0.520511
  1195 2.57856 9.56843 0.527394
  1196 2.62856 9.57043 0.527504
  1197 2.67856 9.54446 0.526072
  1198 2.72856 9.52448 0.524971
  1199 2.77856 9.57043 0.527504
  1200 2.82856 9.46953 0.521942
  1201 2.87856 9.5005 0.523649
  1202 2.92856 9.51349 0.524365
  1203 2.97856 9.42158 0.519299
  1204 3.02856 9.25774 0.510269
  1205 3.07856 9.27473 0.511205
  1206 3.12856 9.35864 0.51583
  1207 3.17856 9.14186 0.503882
  1208 3.22856 9.16284 0.505038
  1209 3.27856 9.11788 0.50256
  1210 3.32856 9.16783 0.505313
  1211 3.37856 9.13387 0.503441
  1212 3.42856 9.27473 0.511205
  1213 3.47856 9.41259 0.518804
  1214 3.52856 9.25674 0.510214
  1215 3.57856 9.15884 0.504818
  1216 3.62856 9.33866 0.514729
  1217 3.67856 9.35165 0.515445
  1218 3.72856 9.37762 0.516877
  1219 3.77856 9.41758 0.519079
  1220 3.82856 9.38062 0.517042
  1221 3.87856 9.2957 0.512361
  1222 3.92856 9.33467 0.514509
  1223 3.97856 9.1958 0.506855
  1224 4.02856 9.25674 0.510214
  1225 4.07856 9.15285 0.504487
  1226 4.12856 9.32967 0.514234
  1227 4.17856 9.02198 0.497274
  1228 4.22856 8.92807 0.492098
  1229 4.27856 9.04895 0.498761
  1230 4.32856 9.3986 0.518033
  1231 4.37856 9.02697 0.49755
  1232 4.42856 9.27872 0.511425
  1233 4.47856 9.2008 0.50713
  1234 4.52856 9.26773 0.51082
  1235 4.57856 9.17383 0.505644
  1236 4.62856 9.28671 0.511866
  1237 4.67856 9.13287 0.503386
  1238 4.72856 9.26973 0.51093
  1239 4.77856 9.22278 0.508342
  1240 4.82856 9.31369 0.513353
  1241 4.87856 9.25075 0.509884
  1242 4.92856 9.24675 0.509663
  1243 4.97856 9.15584 0.504653
  1244 5.02856 8.95504 0.493585
  1245 5.07856 8.92607 0.491988
  1246 5.12856 8.88112 0.48951
  1247 5.17856 8.92607 0.491988
  1248 5.22856 8.86214 0.488464
  1249 5.27856 9.05594 0.499146
  1250 5.32856 8.91908 0.491603
  1251 5.37856 8.94406 0.492979
  1252 5.42856 8.97303 0.494576
  1253 5.47856 9.13087 0.503276
  1254 5.52856 9.24176 0.509388
  1255 5.57856 9.27672 0.511315
  1256 5.62856 9.35964 0.515886
  1257 5.67856 9.22677 0.508562
  1258 5.72856 9.14086 0.503827
  1259 5.77856 9.26474 0.510655
  1260 5.82856 8.68831 0.478883
  1261 5.87856 8.85514 0.488079
  1262 5.92856 9.12388 0.502891
  1263 5.97856 9.18681 0.50636
  1264 6.02856 9.07892 0.500413
  1265 6.07856 8.76623 0.483178
  1266 6.12856 8.84316 0.487418
  1267 6.17856 9.0989 0.501514
  1268 6.22856 9.07493 0.500193
  1269 6.27856 8.89211 0.490116
  1270 6.32856 9.02597 0.497494
  1271 6.37856 9.05495 0.499091
  1272 6.42856 9.26274 0.510544
  1273 6.47856 9.06793 0.499807
  1274 6.52856 9.06593 0.499697
  1275 6.57856 9.01299 0.496779
  1276 6.62856 8.9011 0.490612
  1277 6.67856 8.7982 0.48494
  1278 6.72856 8.7043 0.479764
  1279 6.77856 8.94006 0.492759
  1280 6.82856 8.71628 0.480425
  1281 6.87856 8.9041 0.490777
  1282 6.92856 8.73027 0.481196
  1283 6.97856 8.74426 0.481967
  1284 7.02856 8.59241 0.473597
  1285 7.07856 8.63237 0.4758
  1286 7.12856 8.64236 0.47635
  1287 7.17856 8.71129 0.48015
  1288 7.22856 8.58042 0.472936
  1289 7.27856 8.86613 0.488684
  1290 7.32856 8.73926 0.481691
  1291 7.37856 8.86314 0.488519
  1292 7.42856 8.62338 0.475304
  1293 7.47856 8.995 0.495788
  1294 7.52856 8.8022 0.48516
  1295 7.57856 8.83017 0.486702
  1296 7.62856 8.58641 0.473267
  1297 7.67856 8.77722 0.483784
  1298 7.72856 8.77323 0.483564
  1299 7.77856 8.62238 0.475249
  1300 7.82856 8.69031 0.478993
  1301 7.87856 8.68631 0.478773
  1302 7.92856 8.54346 0.470899
  1303 7.97856 8.42657 0.464457
  1304 8.02856 8.40559 0.4633
  1305 8.07856 8.49351 0.468146
  1306 8.12856 8.40859 0.463466
  1307 8.17856 8.31169 0.458124
  1308 8.22856 8.40559 0.4633
  1309 8.27856 8.40859 0.463466
  1310 8.32856 8.4985 0.468421
  1311 8.37856 8.48851 0.467871
  1312 8.42856 8.64136 0.476295
  1313 8.47856 8.51648 0.469412
  1314 8.52856 8.51648 0.469412
  1315 8.57856 8.55045 0.471284
  1316 8.62856 8.3996 0.46297
  1317 8.67856 8.45255 0.465888
  1318 8.72856 8.5994 0.473983
  1319 8.77856 8.43257 0.464787
  1320 8.82856 8.58442 0.473157
  1321 8.87856 8.72428 0.480865
  1322 8.92856 8.42458 0.464347
  1323 8.97856 8.37662 0.461703
  1324 9.02856 8.23077 0.453664
  1325 9.07856 8.18781 0.451297
  1326 9.12856 8.24875 0.454655
  1327 9.17856 8.37762 0.461759
  1328 9.22856 8.16983 0.450305
  1329 9.27856 8.24076 0.454215
  1330 9.32856 8.12587 0.447883
  1331 9.37856 8.22777 0.453499
  1332 9.42856 8.38761 0.462309
  1333 9.47856 8.25475 0.454986
  1334 9.52856 8.34965 0.460217
  1335 9.57856 8.30569 0.457794
  1336 9.62856 8.27872 0.456307
  1337 9.67856 8.2008 0.452012
  1338 9.72856 8.12288 0.447717
  1339 9.77856 8.29171 0.457023
  1340 9.82856 8.23177 0.453719
  1341 9.87856 8.32268 0.45873
  1342 9.92856 8.15784 0.449645
  1343 9.97856 8.22577 0.453389
  1344 10.0286 8.28472 0.456638
  1345 10.0786 8.26573 0.455592
  1346 10.1286 8.20879 0.452453
  1347 10.1786 8.18781 0.451297
  1348 10.2286 8.08192 0.44546
  1349 10.2786 8.09091 0.445955
  1350 10.3286 7.93506 0.437366
  1351 10.3786 7.95405 0.438412
  1352 10.4286 8.08991 0.4459
  1353 10.4786 7.8971 0.435273
  1354 10.5286 7.78921 0.429326
  1355 10.5786 7.68232 0.423435
  1356 10.6286 7.85514 0.432961
  1357 10.6786 8.06593 0.444579
  1358 10.7286 7.94905 0.438137
  1359 10.7786 8.04096 0.443202
  1360 10.8286 8.16883 0.45025
  1361 10.8786 8.19181 0.451517
  1362 10.9286 7.97203 0.439403
  1363 10.9786 8.05195 0.443808
  1364 11.0286 8.18082 0.450911
  1365 11.0786 8.0969 0.446286
  1366 11.1286 7.97702 0.439678
  1367 11.1786 8.02997 0.442597
  1368 11.2286 7.74226 0.426738
  1369 11.2786 7.65335 0.421838
  1370 11.3286 7.73926 0.426573
  1371 11.3786 7.62438 0.420241
  1372 11.4286 7.57942 0.417763
  1373 11.4786 7.38561 0.407081
  1374 11.5286 7.21578 0.39772
  1375 11.5786 7.24675 0.399427
  1376 11.6286 7.31868 0.403392
  1377 11.6786 7.22977 0.398491
  1378 11.7286 7.48951 0.412808
  1379 11.7786 7.33467 0.404273
  1380 11.8286 7.61738 0.419856
  1381 11.8786 7.59041 0.418369
  1382 11.9286 7.88212 0.434447
  1383 11.9786 8.05694 0.444083
  1384 12.0286 8.36364 0.460988
  1385 12.0786 8.96803 0.494301
  1386 12.1286 9.17682 0.505809
  1387 12.1786 8.87712 0.48929
  1388 12.2286 8.39061 0.462474
  1389 12.2786 7.9041 0.435659
  1390 12.3286 7.55644 0.416497
  1391 12.3786 7.18382 0.395958
  1392 12.4286 6.5005 0.358295
  1393 12.4786 6.13487 0.338142
  1394 12.5286 5.82917 0.321293
  1395 12.5786 5.2008 0.286658
  1396 12.6286 5.02098 0.276747
  1397 12.6786 4.86414 0.268102
  1398 12.7286 4.52348 0.249325
  1399 12.7786 4.29371 0.236661
  1400 12.8286 4.13187 0.227741
  1401 12.8786 4.3027 0.237156
  1402 12.9286 4.21379 0.232256
  1403 12.9786 4.40559 0.242828
  1404 13.0286 4.48551 0.247233
  1405 13.0786 4.77123 0.262981
  1406 13.1286 4.98801 0.27493
  1407 13.1786 5.17582 0.285282
  1408 13.2286 5.70629 0.31452
  1409 13.2786 6.18482 0.340895
  1410 13.3286 7.00699 0.386212
  1411 13.3786 6.92008 0.381422
  1412 13.4286 6.77722 0.373548
  1413 13.4786 6.5025 0.358405
  1414 13.5286 6.46853 0.356533
  1415 13.5786 6.29071 0.346732
  1416 13.6286 6.16883 0.340014
  1417 13.6786 5.79021 0.319145
  1418 13.7286 5.42657 0.299102
  1419 13.7786 4.95405 0.273058
  1420 13.8286 4.4975 0.247894
  1421 13.8786 4.17782 0.230274
  1422 13.9286 3.87912 0.21381
  1423 13.9786 3.77323 0.207973
  1424 14.0286 3.53247 0.194703
  1425 14.0786 3.42058 0.188536
  1426 14.1286 3.34765 0.184516
  1427 14.1786 3.33167 0.183635
  1428 14.2286 3.44855 0.190078
  1429 14.2786 3.63437 0.200319
  1430 14.3286 3.84515 0.211938
  1431 14.3786 4.16184 0.229393
  1432 14.4286 4.38761 0.241837
  1433 14.4786 4.74625 0.261604
  1434 14.5286 5.12088 0.282253
  1435 14.5786 4.94905 0.272782
  1436 14.6286 4.69331 0.258686
  1437 14.6786 4.61638 0.254446
  1438 14.7286 4.45754 0.245691
  1439 14.7786 4.48052 0.246958
  1440 14.8286 4.49451 0.247729
  1441 14.8786 4.2977 0.236881
  1442 14.9286 3.95904 0.218215
  1443 14.9786 3.60839 0.198888
  1444 15.0286 3.3996 0.187379
  1445 15.0786 3.17982 0.175266
  1446 15.1286 2.95305 0.162766
  1447 15.1786 2.8012 0.154397
  1448 15.2286 2.59341 0.142944
  1449 15.2786 2.36264 0.130224
  1450 15.3286 2.36763 0.130499
  1451 15.3786 2.32168 0.127966
  1452 15.4286 2.26873 0.125048
  1453 15.4786 2.29371 0.126425
  1454 15.5286 2.43257 0.134078
  1455 15.5786 2.48751 0.137107
  1456 15.6286 2.60839 0.14377
  1457 15.6786 2.63536 0.145256
  1458 15.7286 2.84715 0.15693
  1459 15.7786 2.96304 0.163317
  1460 15.8286 3.24575 0.1789
  1461 15.8786 3.35964 0.185177
  1462 15.9286 3.55045 0.195694
  1463 15.9786 3.77423 0.208028
  1464 16.0286 3.96004 0.21827
  1465 16.0786 3.9041 0.215186
  1466 16.1286 3.86913 0.213259
  1467 16.1786 3.83217 0.211222
  1468 16.2286 3.73726 0.205991
  1469 16.2786 3.55345 0.195859
  1470 16.3286 3.63536 0.200374
  1471 16.3786 3.5035 0.193106
  1472 16.4286 3.58941 0.197841
  1473 16.4786 3.41858 0.188426
  1474 16.5286 3.32567 0.183305
  1475 16.5786 3.32967 0.183525
  1476 16.6286 3.29471 0.181598
  1477 16.6786 3.41159 0.18804
  1478 16.7286 3.46154 0.190793
  1479 16.7786 3.37962 0.186278
  1480 16.8286 3.44456 0.189857
  1481 16.8786 3.54246 0.195254
  1482 16.9286 3.51648 0.193822
  1483 16.9786 3.51149 0.193547
  1484 17.0286 3.31668 0.182809
  1485 17.0786 3.36464 0.185452
  1486 17.1286 3.26174 0.179781
  1487 17.1786 3.35764 0.185067
  1488 17.2286 3.30669 0.182259
  1489 17.2786 3.25175 0.17923
  1490 17.3286 3.27772 0.180662
  1491 17.3786 3.36464 0.185452
  1492 17.4286 3.32468 0.18325
  1493 17.4786 3.35664 0.185012
  1494 17.5286 3.30869 0.182369
  1495 17.5786 3.27273 0.180386
  1496 17.6286 3.47652 0.191619
  1497 17.6786 3.26573 0.180001
  1498 17.7286 3.38262 0.186443
  1499 17.7786 3.22877 0.177964
  1500 17.8286 3.31169 0.182534
  1501 17.8786 3.34366 0.184296
  1502 17.9286 3.27373 0.180442
  1503 17.9786 3.25475 0.179395
  1504 18.0286 3.20779 0.176807
  1505 18.0786 3.21479 0.177193
  1506 18.1286 3.23676 0.178404
  1507 18.1786 3.21479 0.177193
  1508 18.2286 3.26573 0.180001
  1509 18.2786 3.22378 0.177688
  1510 18.3286 3.31868 0.182919
  1511 18.3786 3.16484 0.17444
  1512 18.4286 3.16184 0.174274
  1513 18.4786 3.16783 0.174605
  1514 18.5286 3.06993 0.169209
  1515 18.5786 3.18881 0.175761
  1516 18.6286 3.07592 0.169539
  1517 18.6786 3.1978 0.176257
  1518 18.7286 3.15385 0.173834
  1519 18.7786 3.26274 0.179836
  1520 18.8286 3.11988 0.171962
  1521 18.8786 3.17283 0.17488
  1522 18.9286 3.19181 0.175926
  1523 18.9786 3.18082 0.175321
  1524 19.0286 3.17582 0.175045
  1525 19.0786 3.21778 0.177358
  1526 19.1286 3.14585 0.173393
  1527 19.1786 3.1998 0.176367
  1528 19.2286 3.02797 0.166896
  1529 19.2786 3.04096 0.167612
  1530 19.3286 3.08292 0.169925
  1531 19.3786 2.97502 0.163978
  1532 19.4286 3.14985 0.173614
  1533 19.4786 3.02997 0.167006
  1534 19.5286 3.005 0.16563
  1535 19.5786 3.02697 0.166841
  1536 19.6286 3.02697 0.166841
  1537 19.6786 2.96703 0.163537
  1538 19.7286 2.997 0.165189
  1539 19.7786 3.04895 0.168052
  1540 19.8286 3.03996 0.167557
  1541 19.8786 3.05295 0.168273
  1542 19.9286 2.9011 0.159903
  1543 19.9786 3.00599 0.165685
  1544 20.0286 2.98102 0.164308
  1545 20.0786 3.02597 0.166786
  1546 20.1286 3.03696 0.167392
  1547 20.1786 3.08991 0.17031
  1548 20.2286 2.94406 0.162271
  1549 20.2786 3.03996 0.167557
  1550 20.3286 2.96204 0.163262
  1551 20.3786 3.08292 0.169925
  1552 20.4286 2.94106 0.162106
  1553 20.4786 2.86314 0.157811
  1554 20.5286 2.93906 0.161995
  1555 20.5786 2.94605 0.162381
  1556 20.6286 2.95804 0.163042
  1557 20.6786 3.06194 0.168768
  1558 20.7286 2.91808 0.160839
  1559 20.7786 2.92008 0.160949
  1560 20.8286 2.92308 0.161114
  1561 20.8786 2.96004 0.163152
  1562 20.9286 2.92208 0.161059
  1563 20.9786 2.8971 0.159683
  1564 21.0286 2.94106 0.162106
  1565 21.0786 2.95405 0.162821
  1566 21.1286 3.01798 0.166345
  1567 21.1786 2.92308 0.161114
  1568 21.2286 2.83816 0.156434
  1569 21.2786 2.90909 0.160344
  1570 21.3286 2.91109 0.160454
  1571 21.3786 2.93007 0.1615
  1572 21.4286 2.85614 0.157425
  1573 21.4786 2.83217 0.156104
  1574 21.5286 2.98701 0.164638
  1575 21.5786 2.95704 0.162987
  1576 21.6286 3.05495 0.168383
  1577 21.6786 2.97902 0.164198
  1578 21.7286 2.97902 0.164198
  1579 21.7786 2.98801 0.164694
  1580 21.8286 2.80719 0.154727
  1581 21.8786 2.83017 0.155994
  1582 21.9286 2.92607 0.16128
  1583 21.9786 2.86713 0.158031
  1584 22.0286 2.87812 0.158637
  1585 22.0786 2.92907 0.161445
  1586 22.1286 2.79221 0.153901
  1587 22.1786 2.87812 0.158637
  1588 22.2286 2.82717 0.155828
  1589 22.2786 2.83716 0.156379
  1590 22.3286 2.74326 0.151203
  1591 22.3786 2.78821 0.153681
  1592 22.4286 2.76124 0.152194
  1593 22.4786 2.72328 0.150102
  1594 22.5286 2.64635 0.145862
  1595 22.5786 2.78022 0.15324
  1596 22.6286 2.75624 0.151919
  1597 22.6786 2.70729 0.149221
  1598 22.7286 2.74426 0.151258
  1599 22.7786 2.66434 0.146853
  1600 22.8286 2.72428 0.150157
  1601 22.8786 2.69031 0.148285
  1602 22.9286 2.74226 0.151148
  1603 22.9786 2.75025 0.151589
  1604 23.0286 2.76224 0.152249
  1605 23.0786 2.65035 0.146082
  1606 23.1286 2.65335 0.146247
  1607 23.1786 2.65734 0.146468
  1608 23.2286 2.63836 0.145421
  1609 23.2786 2.6983 0.148725
  1610 23.3286 2.63936 0.145477
  1611 23.3786 2.72128 0.149992
  1612 23.4286 2.67033 0.147183
  1613 23.4786 2.60839 0.14377
  1614 23.5286 2.6993 0.14878
  1615 23.5786 2.65834 0.146523
  1616 23.6286 2.7982 0.154232
  1617 23.6786 2.66633 0.146963
  1618 23.7286 2.69031 0.148285
  1619 23.7786 2.62937 0.144926
  1620 23.8286 2.83317 0.156159
  1621 23.8786 2.65135 0.146137
  1622 23.9286 2.62937 0.144926
  1623 23.9786 2.74126 0.151093
  1624 24.0286 2.76024 0.152139
  1625 24.0786 2.61139 0.143935
  1626 24.1286 2.7033 0.149001
  1627 24.1786 2.65534 0.146358
  1628 24.2286 2.60939 0.143825
  1629 24.2786 2.61938 0.144375
  1630 24.3286 2.59141 0.142833
  1631 24.3786 2.55844 0.141016
  1632 24.4286 2.4955 0.137547
  1633 24.4786 2.52248 0.139034
  1634 24.5286 2.52448 0.139144
  1635 24.5786 2.63736 0.145366
  1636 24.6286 2.55544 0.140851
  1637 24.6786 2.5045 0.138043
  1638 24.7286 2.44755 0.134904
  1639 24.7786 2.53247 0.139585
  1640 24.8286 2.53846 0.139915
  1641 24.8786 2.55844 0.141016
  1642 24.9286 2.45654 0.1354
  1643 24.9786 2.42757 0.133803
  1644 25.0286 2.63437 0.145201
  1645 25.0786 2.5005 0.137823
  1646 25.1286 2.56144 0.141182
  1647 25.1786 2.55045 0.140576
  1648 25.2286 2.51149 0.138428
  1649 25.2786 2.58941 0.142723
  1650 25.3286 2.4975 0.137658
  1651 25.3786 2.64935 0.146027
  1652 25.4286 2.56244 0.141237
  1653 25.4786 2.55944 0.141071
  1654 25.5286 2.61738 0.144265
  1655 25.5786 2.58042 0.142228
  1656 25.6286 2.56244 0.141237
  1657 25.6786 2.51948 0.138869
  1658 25.7286 2.58442 0.142448
  1659 25.7786 2.55045 0.140576
  1660 25.8286 2.5005 0.137823
  1661 25.8786 2.51349 0.138539
  1662 25.9286 2.54346 0.14019
  1663 25.9786 2.55245 0.140686
  1664 26.0286 2.55644 0.140906
  1665 26.0786 2.56144 0.141182
  1666 26.1286 2.56943 0.141622
  1667 26.1786 2.56943 0.141622
  1668 26.2286 2.3996 0.132261
  1669 26.2786 2.54945 0.140521
  1670 26.3286 2.40959 0.132812
  1671 26.3786 2.5045 0.138043
  1672 26.4286 2.46454 0.13584
  1673 26.4786 2.5045 0.138043
  1674 26.5286 2.42358 0.133583
  1675 26.5786 2.47253 0.136281
  1676 26.6286 2.35664 0.129894
  1677 26.6786 2.39361 0.131931
  1678 26.7286 2.33067 0.128462
  1679 26.7786 2.39361 0.131931
  1680 26.8286 2.34765 0.129398
  1681 26.8786 2.48252 0.136832
  1682 26.9286 2.37862 0.131105
  1683 26.9786 2.38062 0.131215
  1684 27.0286 2.33167 0.128517
  1685 27.0786 2.32767 0.128297
  1686 27.1286 2.36663 0.130444
  1687 27.1786 2.36963 0.13061
  1688 27.2286 2.37263 0.130775
  1689 27.2786 2.42158 0.133473
  1690 27.3286 2.35065 0.129563
  1691 27.3786 2.36963 0.13061
  1692 27.4286 2.31768 0.127746
  1693 27.4786 2.31868 0.127801
  1694 27.5286 2.37463 0.130885
  1695 27.5786 2.38462 0.131435
  1696 27.6286 2.3007 0.12681
  1697 27.6786 2.26673 0.124938
  1698 27.7286 2.32767 0.128297
  1699 27.7786 2.32368 0.128077
  1700 27.8286 2.3027 0.12692
  1701 27.8786 2.26873 0.125048
  1702 27.9286 2.43756 0.134354
  1703 27.9786 2.2967 0.12659
  1704 28.0286 2.2957 0.126535
  1705 28.0786 2.30969 0.127306
  1706 28.1286 2.36863 0.130554
  1707 28.1786 2.2977 0.126645
  1708 28.2286 2.29271 0.12637
  1709 28.2786 2.33167 0.128517
  1710 28.3286 2.29271 0.12637
  1711 28.3786 2.26873 0.125048
  1712 28.4286 2.30669 0.127141
  1713 28.4786 2.37562 0.13094
  1714 28.5286 2.32068 0.127911
  1715 28.5786 2.34965 0.129508
  1716 28.6286 2.2967 0.12659
  1717 28.6786 2.23776 0.123341
  1718 28.7286 2.25075 0.124057
  1719 28.7786 2.21279 0.121965
  1720 28.8286 2.2048 0.121524
  1721 28.8786 2.27972 0.125654
  1722 28.9286 2.15485 0.118771
  1723 28.9786 2.18182 0.120258
  1724 29.0286 2.20879 0.121744
  1725 29.0786 2.20779 0.121689
  1726 29.1286 2.23277 0.123066
  1727 29.1786 2.18482 0.120423
  1728 29.2286 2.24076 0.123506
  1729 29.2786 2.21379 0.12202
  1730 29.3286 2.21079 0.121854
  1731 29.3786 2.2008 0.121304
  1732 29.4286 2.18082 0.120203
  1733 29.4786 2.1049 0.116018
  1734 29.5286 2.18482 0.120423
  1735 29.5786 2.17483 0.119872
  1736 29.6286 2.16484 0.119322
  1737 29.6786 2.19381 0.120918
  1738 29.7286 2.17383 0.119817
  1739 29.7786 2.12987 0.117394
  1740 29.8286 2.11988 0.116844
  1741 29.8786 2.15385 0.118716
  1742 29.9286 2.03397 0.112108
  1743 29.9786 2.19181 0.120808
  1744 30.0286 2.16983 0.119597
  1745 30.0786 2.23676 0.123286
  1746 30.1286 2.17582 0.119927
  1747 30.1786 2.16983 0.119597
  1748 30.2286 2.16184 0.119156
  1749 30.2786 2.1039 0.115963
  1750 30.3286 2.25674 0.124387
  1751 30.3786 2.1968 0.121084
  1752 30.4286 2.07193 0.114201
  1753 30.4786 2.12787 0.117284
  1754 30.5286 2.12088 0.116899
  1755 30.5786 2.06194 0.11365
  1756 30.6286 2.14186 0.118055
  1757 30.6786 2.10689 0.116128
  1758 30.7286 2.11289 0.116458
  1759 30.7786 2.17383 0.119817
  1760 30.8286 2.1009 0.115798
  1761 30.8786 2.12787 0.117284
  1762 30.9286 2.10589 0.116073
  1763 30.9786 2.05994 0.11354
  1764 31.0286 2.005 0.110511
  1765 31.0786 2.08392 0.114861
  1766 31.1286 2.01099 0.110842
  1767 31.1786 2.05495 0.113265
  1768 31.2286 2.07393 0.114311
  1769 31.2786 2.12288 0.117009
  1770 31.3286 2.06593 0.11387
  1771 31.3786 2.13586 0.117725
  1772 31.4286 2.02498 0.111613
  1773 31.4786 2.12787 0.117284
  1774 31.5286 2.12088 0.116899
  1775 31.5786 2.02298 0.111503
  1776 31.6286 2.08192 0.114751
  1777 31.6786 1.996 0.110016
  1778 31.7286 2.07493 0.114366
  1779 31.7786 2.1019 0.115853
  1780 31.8286 2.05095 0.113044
  1781 31.8786 2.04296 0.112604
  1782 31.9286 2.001 0.110291
  1783 31.9786 2.04396 0.112659
  1784 32.0286 2.00599 0.110567
  1785 32.0786 2.05195 0.113099
  1786 32.1286 2.04296 0.112604
  1787 32.1786 1.99301 0.109851
  1788 32.2286 2.0999 0.115742
  1789 32.2786 2.12587 0.117174
  1790 32.3286 2.04595 0.112769
  1791 32.3786 1.96803 0.108474
  1792 32.4286 2.04096 0.112494
  1793 32.4786 2.02398 0.111558
  1794 32.5286 2.05794 0.11343
  1795 32.5786 2.03397 0.112108
  1796 32.6286 1.97702 0.10897
  1797 32.6786 1.998 0.110126
  1798 32.7286 2.05295 0.113155
  1799 32.7786 2.03097 0.111943
  1800 32.8286 2.03297 0.112053
  1801 32.8786 2.001 0.110291
  1802 32.9286 2.04296 0.112604
  1803 32.9786 2.01299 0.110952
  1804 33.0286 1.98601 0.109465
  1805 33.0786 2.04895 0.112934
  1806 33.1286 1.95904 0.107979
  1807 33.1786 1.8971 0.104565
  1808 33.2286 1.98102 0.10919
  1809 33.2786 2.06294 0.113705
  1810 33.3286 1.94206 0.107043
  1811 33.3786 1.95205 0.107593
  1812 33.4286 1.98701 0.10952
  1813 33.4786 1.92807 0.106272
  1814 33.5286 1.96304 0.108199
  1815 33.5786 1.91209 0.105391
  1816 33.6286 1.85914 0.102472
  1817 33.6786 1.86014 0.102527
  1818 33.7286 1.94905 0.107428
  1819 33.7786 1.91608 0.105611
  1820 33.8286 1.96204 0.108144
  1821 33.8786 1.89011 0.104179
  1822 33.9286 1.95405 0.107703
  1823 33.9786 1.89211 0.104289
  1824 34.0286 1.96603 0.108364
  1825 34.0786 1.8961 0.10451
  1826 34.1286 1.96603 0.108364
  1827 34.1786 1.91608 0.105611
  1828 34.2286 1.94306 0.107098
  1829 34.2786 1.85215 0.102087
  1830 34.3286 1.87912 0.103574
  1831 34.3786 1.92108 0.105886
  1832 34.4286 1.92108 0.105886
  1833 34.4786 1.86114 0.102582
  1834 34.5286 1.83417 0.101096
  1835 34.5786 1.91209 0.105391
  1836 34.6286 1.84615 0.101756
  1837 34.6786 1.85614 0.102307
  1838 34.7286 1.8961 0.10451
  1839 34.7786 1.8022 0.0993337
  1840 34.8286 1.91808 0.105721
  1841 34.8786 1.84915 0.101922
  1842 34.9286 1.83516 0.101151
  1843 34.9786 1.92108 0.105886
  1844 35.0286 1.87413 0.103298
  1845 35.0786 1.92408 0.106051
  1846 35.1286 1.8971 0.104565
  1847 35.1786 1.77223 0.0976818
  1848 35.2286 1.89211 0.104289
  1849 35.2786 1.75025 0.0964704
  1850 35.3286 1.81119 0.0998293
  1851 35.3786 1.81219 0.0998843
  1852 35.4286 1.83417 0.101096
  1853 35.4786 1.81718 0.10016
  1854 35.5286 1.91808 0.105721
  1855 35.5786 1.82018 0.100325
  1856 35.6286 1.95504 0.107758
  1857 35.6786 1.86314 0.102693
  1858 35.7286 1.86813 0.102968
  1859 35.7786 1.87512 0.103353
  1860 35.8286 1.80919 0.0997191
  1861 35.8786 1.82917 0.10082
  1862 35.9286 1.84515 0.101701
  1863 35.9786 1.77123 0.0976268
  1864 36.0286 1.74026 0.0959198
  1865 36.0786 1.75624 0.0968008
  1866 36.1286 1.70729 0.0941027
  1867 36.1786 1.84316 0.101591
  1868 36.2286 1.79021 0.0986729
  1869 36.2786 1.76823 0.0974616
  1870 36.3286 1.68332 0.0927812
  1871 36.3786 1.69431 0.0933869
  1872 36.4286 1.74126 0.0959749
  1873 36.4786 1.72727 0.095204
  1874 36.5286 1.71029 0.0942679
  1875 36.5786 1.78322 0.0982875
  1876 36.6286 1.86214 0.102637
  1877 36.6786 1.7982 0.0991135
  1878 36.7286 1.77822 0.0980122
  1879 36.7786 1.68332 0.0927812
  1880 36.8286 1.7972 0.0990584
  1881 36.8786 1.77822 0.0980122
  1882 36.9286 1.84016 0.101426
  1883 36.9786 1.81219 0.0998843
  1884 37.0286 1.81818 0.100215
  1885 37.0786 1.85415 0.102197
  1886 37.1286 1.85215 0.102087
  1887 37.1786 1.83716 0.101261
  1888 37.2286 1.74326 0.096085
  1889 37.2786 1.84316 0.101591
  1890 37.3286 1.69331 0.0933318
  1891 37.3786 1.80519 0.0994989
  1892 37.4286 1.82517 0.1006
  1893 37.4786 1.68931 0.0931116
  1894 37.5286 1.74326 0.096085
  1895 37.5786 1.7952 0.0989483
  1896 37.6286 1.78621 0.0984527
  1897 37.6786 1.80719 0.099609
  1898 37.7286 1.9031 0.104895
  1899 37.7786 1.78721 0.0985078
  1900 37.8286 1.76024 0.0970211
  1901 37.8786 1.7962 0.0990033
  1902 37.9286 1.84715 0.101812
  1903 37.9786 1.80719 0.099609
  1904 38.0286 1.8012 0.0992786
  1905 38.0786 1.73826 0.0958097
  1906 38.1286 1.82517 0.1006
  1907 38.1786 1.75425 0.0966907
  1908 38.2286 1.83117 0.100931
  1909 38.2786 1.74426 0.09614
  1910 38.3286 1.84715 0.101812
  1911 38.3786 1.72328 0.0949837
  1912 38.4286 1.77722 0.0979571
  1913 38.4786 1.74426 0.09614
  1914 38.5286 1.7952 0.0989483
  1915 38.5786 1.7982 0.0991135
  1916 38.6286 1.66034 0.0915148
  1917 38.6786 1.75025 0.0964704
  1918 38.7286 1.70629 0.0940477
  1919 38.7786 1.76723 0.0974065
  1920 38.8286 1.81818 0.100215
  1921 38.8786 1.74925 0.0964154
  1922 38.9286 1.73526 0.0956445
  1923 38.9786 1.82517 0.1006
  1924 39.0286 1.85315 0.102142
  1925 39.0786 1.74126 0.0959749
  1926 39.1286 1.84815 0.101867
  1927 39.1786 1.76024 0.0970211
  1928 39.2286 1.8012 0.0992786
  1929 39.2786 1.78921 0.0986179
  1930 39.3286 1.75025 0.0964704
  1931 39.3786 1.73427 0.0955894
  1932 39.4286 1.77323 0.0977369
  1933 39.4786 1.76723 0.0974065
  1934 39.5286 1.73826 0.0958097
  1935 39.5786 1.6004 0.088211
  1936 39.6286 1.71528 0.0945432
  1937 39.6786 1.80919 0.0997191
  1938 39.7286 1.8042 0.0994438
  1939 39.7786 1.68831 0.0930565
  1940 39.8286 1.7023 0.0938274
  1941 39.8786 1.67433 0.0922856
  1942 39.9286 1.69131 0.0932217
  1943 39.9786 1.6983 0.0936071
  1944 40.0286 1.67133 0.0921204
  1945 40.0786 1.78222 0.0982324
  1946 40.1286 1.73926 0.0958647
  1947 40.1786 1.76124 0.0970761
  1948 40.2286 1.71728 0.0946533
  1949 40.2786 1.6953 0.093442
  1950 40.3286 1.73926 0.0958647
  1951 40.3786 1.67033 0.0920654
  1952 40.4286 1.68931 0.0931116
  1953 40.4786 1.77622 0.0979021
  1954 40.5286 1.7013 0.0937723
  1955 40.5786 1.69331 0.0933318
  1956 40.6286 1.64236 0.0905236
  1957 40.6786 1.72627 0.0951489
  1958 40.7286 1.77622 0.0979021
  1959 40.7786 1.72827 0.095259
  1960 40.8286 1.76424 0.0972413
  1961 40.8786 1.78422 0.0983426
  1962 40.9286 1.72727 0.095204
  1963 40.9786 1.75425 0.0966907
  1964 41.0286 1.74426 0.09614
  1965 41.0786 1.7962 0.0990033
  1966 41.1286 1.75025 0.0964704
  1967 41.1786 1.73227 0.0954793
  1968 41.2286 1.70529 0.0939926
  1969 41.2786 1.7023 0.0938274
  1970 41.3286 1.70929 0.0942128
  1971 41.3786 1.69431 0.0933869
  1972 41.4286 1.66633 0.0918451
  1973 41.4786 1.73826 0.0958097
  1974 41.5286 1.71129 0.094323
  1975 41.5786 1.57942 0.0870546
  1976 41.6286 1.68631 0.0929464
  1977 41.6786 1.71129 0.094323
  1978 41.7286 1.7033 0.0938825
  1979 41.7786 1.68232 0.0927261
  1980 41.8286 1.73027 0.0953692
  1981 41.8786 1.67033 0.0920654
  1982 41.9286 1.71129 0.094323
  1983 41.9786 1.57642 0.0868895
  1984 42.0286 1.67133 0.0921204
  1985 42.0786 1.69031 0.0931666
  1986 42.1286 1.62438 0.0895325
  1987 42.1786 1.65035 0.0909641
  1988 42.2286 1.63836 0.0903034
  1989 42.2786 1.68931 0.0931116
  1990 42.3286 1.64935 0.0909091
  1991 42.3786 1.57243 0.0866692
  1992 42.4286 1.61538 0.0890369
  1993 42.4786 1.5964 0.0879907
  1994 42.5286 1.66533 0.0917901
  1995 42.5786 1.72128 0.0948736
  1996 42.6286 1.6953 0.093442
  1997 42.6786 1.63437 0.0900831
  1998 42.7286 1.65035 0.0909641
  1999 42.7786 1.57742 0.0869445
  2000 42.8286 1.65934 0.0914597
  2001 42.8786 1.63037 0.0898629
  2002 42.9286 1.6004 0.088211
  2003 42.9786 1.63337 0.0900281
  2004 43.0286 1.6014 0.088266
  2005 43.0786 1.57243 0.0866692
  2006 43.1286 1.56743 0.0863939
  2007 43.1786 1.54945 0.0854028
  2008 43.2286 1.58541 0.087385
  2009 43.2786 1.55744 0.0858433
  2010 43.3286 1.55944 0.0859534
  2011 43.3786 1.57742 0.0869445
  2012 43.4286 1.57143 0.0866141
  2013 43.4786 1.56144 0.0860635
  2014 43.5286 1.55445 0.0856781
  2015 43.5786 1.64635 0.0907439
  2016 43.6286 1.5025 0.0828148
  2017 43.6786 1.65934 0.0914597
  2018 43.7286 1.55145 0.0855129
  2019 43.7786 1.54645 0.0852376
  2020 43.8286 1.67133 0.0921204
  2021 43.8786 1.56843 0.086449
  2022 43.9286 1.56643 0.0863388
  2023 43.9786 1.61838 0.0892021
  2024 44.0286 1.54545 0.0851825
  2025 44.0786 1.5994 0.0881559
  2026 44.1286 1.54845 0.0853477
  2027 44.1786 1.5045 0.0829249
  2028 44.2286 1.60839 0.0886515
  2029 44.2786 1.59141 0.0877154
  2030 44.3286 1.54645 0.0852376
  2031 44.3786 1.56543 0.0862838
  2032 44.4286 1.56743 0.0863939
  2033 44.4786 1.56444 0.0862287
  2034 44.5286 1.55145 0.0855129
  2035 44.5786 1.63137 0.0899179
  2036 44.6286 1.54545 0.0851825
  2037 44.6786 1.57343 0.0867243
  2038 44.7286 1.60639 0.0885414
  2039 44.7786 1.64735 0.0907989
  2040 44.8286 1.55045 0.0854578
  2041 44.8786 1.60539 0.0884863
  2042 44.9286 1.52747 0.0841914
  2043 44.9786 1.62038 0.0893122
  2044 45.0286 1.57742 0.0869445
  2045 45.0786 1.52747 0.0841914
  2046 45.1286 1.52747 0.0841914
  2047 45.1786 1.6034 0.0883762
  2048 45.2286 1.49151 0.0822091
  2049 45.2786 1.53546 0.0846319
  2050 45.3286 1.55544 0.0857331
  2051 45.3786 1.56344 0.0861736
  2052 45.4286 1.53946 0.0848521
  2053 45.4786 1.53047 0.0843566
  2054 45.5286 1.5045 0.0829249
  2055 45.5786 1.53546 0.0846319
  2056 45.6286 1.56344 0.0861736
  2057 45.6786 1.56144 0.0860635
  2058 45.7286 1.56543 0.0862838
  2059 45.7786 1.55045 0.0854578
  2060 45.8286 1.49051 0.082154
  2061 45.8786 1.60939 0.0887065
  2062 45.9286 1.68831 0.0930565
  2063 45.9786 1.59441 0.0878806
  2064 46.0286 1.61938 0.0892572
  2065 46.0786 1.66533 0.0917901
  2066 46.1286 1.64436 0.0906337
  2067 46.1786 1.56543 0.0862838
  2068 46.2286 1.6014 0.088266
  2069 46.2786 1.61039 0.0887616
  2070 46.3286 1.60839 0.0886515
  2071 46.3786 1.62537 0.0895875
  2072 46.4286 1.58841 0.0875502
  2073 46.4786 1.53546 0.0846319
  2074 46.5286 1.57043 0.0865591
  2075 46.5786 1.62238 0.0894224
  2076 46.6286 1.53047 0.0843566
  2077 46.6786 1.54046 0.0849072
  2078 46.7286 1.58042 0.0871097
  2079 46.7786 1.55544 0.0857331
  2080 46.8286 1.55345 0.085623
  2081 46.8786 1.52448 0.0840262
  2082 46.9286 1.58641 0.0874401
  2083 46.9786 1.53846 0.0847971
  2084 47.0286 1.63037 0.0898629
  2085 47.0786 1.62637 0.0896426
  2086 47.1286 1.54146 0.0849623
  2087 47.1786 1.52547 0.0840812
  2088 47.2286 1.54046 0.0849072
  2089 47.2786 1.57642 0.0868895
  2090 47.3286 1.53646 0.0846869
  2091 47.3786 1.64136 0.0904686
  2092 47.4286 1.55145 0.0855129
  2093 47.4786 1.56044 0.0860085
  2094 47.5286 1.53247 0.0844667
  2095 47.5786 1.57243 0.0866692
  2096 47.6286 1.60739 0.0885964
  2097 47.6786 1.52647 0.0841363
  2098 47.7286 1.56144 0.0860635
  2099 47.7786 1.63337 0.0900281
  2100 47.8286 1.48352 0.0817686
  2101 47.8786 1.58841 0.0875502
  2102 47.9286 1.48651 0.0819338
  2103 47.9786 1.51648 0.0835857
  2104 48.0286 1.50549 0.08298
  2105 48.0786 1.56743 0.0863939
  2106 48.1286 1.5015 0.0827597
  2107 48.1786 1.54446 0.0851274
  2108 48.2286 1.51948 0.0837509
  2109 48.2786 1.53447 0.0845768
  2110 48.3286 1.55844 0.0858983
  2111 48.3786 1.53646 0.0846869
  2112 48.4286 1.46254 0.0806123
  2113 48.4786 1.57243 0.0866692
  2114 48.5286 1.48951 0.082099
  2115 48.5786 1.53946 0.0848521
  2116 48.6286 1.56643 0.0863388
  2117 48.6786 1.57942 0.0870546
  2118 48.7286 1.61938 0.0892572
  2119 48.7786 1.49051 0.082154
  2120 48.8286 1.54545 0.0851825
  2121 48.8786 1.51149 0.0833104
  2122 48.9286 1.55744 0.0858433
  2123 48.9786 1.54146 0.0849623
  2124 49.0286 1.57143 0.0866141
  2125 49.0786 1.47552 0.0813281
  2126 49.1286 1.49351 0.0823192
  2127 49.1786 1.4985 0.0825945
  2128 49.2286 1.46553 0.0807775
  2129 49.2786 1.42557 0.0785749
  2130 49.3286 1.45954 0.0804471
  2131 49.3786 1.57343 0.0867243
  2132 49.4286 1.48352 0.0817686
  2133 49.4786 1.52148 0.083861
  2134 49.5286 1.5045 0.0829249
  2135 49.5786 1.49351 0.0823192
  2136 49.6286 1.52647 0.0841363
  2137 49.6786 1.48452 0.0818237
  2138 49.7286 1.46753 0.0808876
  2139 49.7786 1.44555 0.0796762
  2140 49.8286 1.47253 0.0811629
  2141 49.8786 1.49251 0.0822642
  2142 49.9286 1.51648 0.0835857
  2143 49.9786 1.47053 0.0810528
  2144 50.0286 1.52747 0.0841914
  2145 50.0786 1.45255 0.0800616
  2146 50.1286 1.47453 0.081273
  2147 50.1786 1.46653 0.0808325
  2148 50.2286 1.46354 0.0806673
  2149 50.2786 1.43656 0.0791806
  2150 50.3286 1.47552 0.0813281
  2151 50.3786 1.46853 0.0809427
  2152 50.4286 1.48651 0.0819338
  2153 50.4786 1.45554 0.0802268
  2154 50.5286 1.42957 0.0787952
  2155 50.5786 1.48252 0.0817135
  2156 50.6286 1.43257 0.0789604
  2157 50.6786 1.43956 0.0793458
  2158 50.7286 1.53646 0.0846869
  2159 50.7786 1.47353 0.081218
  2160 50.8286 1.44955 0.0798965
  2161 50.8786 1.5045 0.0829249
  2162 50.9286 1.45954 0.0804471
  2163 50.9786 1.46553 0.0807775
  2164 51.0286 1.43357 0.0790154
  2165 51.0786 1.44655 0.0797313
  2166 51.1286 1.45055 0.0799515
  2167 51.1786 1.46553 0.0807775
  2168 51.2286 1.48252 0.0817135
  2169 51.2786 1.46354 0.0806673
  2170 51.3286 1.44256 0.079511
  2171 51.3786 1.41958 0.0782446
  2172 51.4286 1.46653 0.0808325
  2173 51.4786 1.43057 0.0788503
  2174 51.5286 1.49251 0.0822642
  2175 51.5786 1.49051 0.082154
  2176 51.6286 1.52248 0.0839161
  2177 51.6786 1.41658 0.0780794
  2178 51.7286 1.45554 0.0802268
  2179 51.7786 1.42557 0.0785749
  2180 51.8286 1.48052 0.0816034
  2181 51.8786 1.45554 0.0802268
  2182 51.9286 1.46953 0.0809977
  2183 51.9786 1.4006 0.0771984
  2184 52.0286 1.48252 0.0817135
  2185 52.0786 1.4016 0.0772534
  2186 52.1286 1.42258 0.0784098
  2187 52.1786 1.43856 0.0792908
  2188 52.2286 1.40959 0.0776939
  2189 52.2786 1.41558 0.0780243
  2190 52.3286 1.34965 0.0743902
  2191 52.3786 1.47153 0.0811078
  2192 52.4286 1.42158 0.0783547
  2193 52.4786 1.46454 0.0807224
  2194 52.5286 1.39061 0.0766477
  2195 52.5786 1.45255 0.0800616
  2196 52.6286 1.4006 0.0771984
  2197 52.6786 1.47453 0.081273
  2198 52.7286 1.4965 0.0824844
  2199 52.7786 1.52647 0.0841363
  2200 52.8286 1.50549 0.08298
  2201 52.8786 1.4026 0.0773085
  2202 52.9286 1.44256 0.079511
  2203 52.9786 1.48152 0.0816585
  2204 53.0286 1.39061 0.0766477
  2205 53.0786 1.45854 0.080392
  2206 53.1286 1.43257 0.0789604
  2207 53.1786 1.43257 0.0789604
  2208 53.2286 1.47053 0.0810528
  2209 53.2786 1.46953 0.0809977
  2210 53.3286 1.48052 0.0816034
  2211 53.3786 1.5015 0.0827597
  2212 53.4286 1.46553 0.0807775
  2213 53.4786 1.3996 0.0771433
  2214 53.5286 1.43656 0.0791806
  2215 53.5786 1.43856 0.0792908
  2216 53.6286 1.45455 0.0801718
  2217 53.6786 1.44755 0.0797863
  2218 53.7286 1.48052 0.0816034
  2219 53.7786 1.45155 0.0800066
  2220 53.8286 1.45854 0.080392
  2221 53.8786 1.41658 0.0780794
  2222 53.9286 1.44655 0.0797313
  2223 53.9786 1.47453 0.081273
  2224 54.0286 1.46953 0.0809977
  2225 54.0786 1.41658 0.0780794
  2226 54.1286 1.44855 0.0798414
  2227 54.1786 1.42757 0.0786851
  2228 54.2286 1.49351 0.0823192
  2229 54.2786 1.48851 0.0820439
  2230 54.3286 1.5035 0.0828699
  2231 54.3786 1.54845 0.0853477
  2232 54.4286 1.53047 0.0843566
  2233 54.4786 1.49451 0.0823743
  2234 54.5286 1.41758 0.0781344
  2235 54.5786 1.49051 0.082154
  2236 54.6286 1.39261 0.0767579
  2237 54.6786 1.44755 0.0797863
  2238 54.7286 1.48452 0.0818237
  2239 54.7786 1.46054 0.0805021
  2240 54.8286 1.45355 0.0801167
  2241 54.8786 1.45255 0.0800616
  2242 54.9286 1.47053 0.0810528
  2243 54.9786 1.45055 0.0799515
  2244 55.0286 1.46853 0.0809427
  2245 55.0786 1.5025 0.0828148
  2246 55.1286 1.56244 0.0861186
  2247 55.1786 1.49151 0.0822091
  2248 55.2286 1.57542 0.0868344
  2249 55.2786 1.5045 0.0829249
  2250 55.3286 1.50649 0.083035
  2251 55.3786 1.46454 0.0807224
  2252 55.4286 1.44755 0.0797863
  2253 55.4786 1.45355 0.0801167
  2254 55.5286 1.41658 0.0780794
  2255 55.5786 1.44456 0.0796211
  2256 55.6286 1.42857 0.0787401
  2257 55.6786 1.47153 0.0811078
  2258 55.7286 1.42957 0.0787952
  2259 55.7786 1.40759 0.0775838
  2260 55.8286 1.45654 0.0802819
  2261 55.8786 1.44056 0.0794009
  2262 55.9286 1.36863 0.0754363
  2263 55.9786 1.43157 0.0789053
  2264 56.0286 1.37962 0.076042
  2265 56.0786 1.48551 0.0818787
  2266 56.1286 1.43656 0.0791806
  2267 56.1786 1.50949 0.0832002
  2268 56.2286 1.49251 0.0822642
  2269 56.2786 1.48551 0.0818787
  2270 56.3286 1.50949 0.0832002
  2271 56.3786 1.54945 0.0854028
  2272 56.4286 1.49051 0.082154
  2273 56.4786 1.4985 0.0825945
  2274 56.5286 1.49251 0.0822642
  2275 56.5786 1.49151 0.0822091
  2276 56.6286 1.51249 0.0833654
  2277 56.6786 1.51548 0.0835306
  2278 56.7286 1.51049 0.0832553
  2279 56.7786 1.43556 0.0791256
  2280 56.8286 1.46753 0.0808876
  2281 56.8786 1.4985 0.0825945
  2282 56.9286 1.48951 0.082099
  2283 56.9786 1.46154 0.0805572
  2284 57.0286 1.40859 0.0776389
  2285 57.0786 1.50749 0.0830901
  2286 57.1286 1.28671 0.0709212
